0.6516386866569519
0.5934256315231323
0.6230080723762512
0.6060238480567932
0.5784952640533447
0.620360255241394
0.7394442558288574
0.6057332158088684
0.6420687437057495
0.6319483518600464
0.6366660594940186
0.5782065391540527
0.6611471176147461
0.6309864521026611
0.6514968872070312
0.6935070753097534
0.6399277448654175
0.710555374622345
0.6044527888298035
0.6025909185409546
0.6618180274963379
0.6510612964630127
0.632450520992279
0.6355046033859253
0.5950048565864563
0.5857418775558472
0.6027358770370483
0.6439276933670044
0.6881620287895203
0.56950843334198
0.6522220373153687
0.6028521060943604
0.6741352081298828
0.5735856294631958
0.5969114303588867
0.5991244912147522
0.6655579209327698
0.6166149377822876
0.6656103134155273
0.7201364636421204
0.5976448059082031
0.6408149600028992
0.7001606822013855
0.5664170980453491
0.666321337223053
0.6197534203529358
0.6601259708404541
0.6608328223228455
0.6331411600112915
0.5766080617904663
0.6337504386901855
0.6032807230949402
0.6327560544013977
0.6122666001319885
0.6867525577545166
0.6171061396598816
0.6703404188156128
0.5678589940071106
0.6383992433547974
0.6200315952301025
0.6394052505493164
0.6093510985374451
0.6743710041046143
0.604651927947998
0.5974757671356201
0.6945414543151855
0.6187114715576172
0.6090497970581055
0.6148077249526978
0.5898775458335876
0.6070983409881592
0.7085984945297241
0.6056942939758301
0.6342803835868835
0.5928524732589722
0.6007929444313049
0.6663862466812134
0.7340092062950134
0.5979949831962585
0.7028992176055908
0.5825064778327942
0.6592695116996765
0.6772180795669556
0.5494611263275146
0.6509807705879211
0.6069232225418091
0.5530280470848083
0.61796635389328
0.6517311930656433
0.6353352069854736
0.7182914614677429
0.6402117609977722
0.6198425889015198
0.6691576838493347
0.6752634048461914
0.55233234167099
0.6531531810760498
0.6713609099388123
0.6526293158531189
0.5791375637054443
0.644464910030365
0.6342362761497498
0.6629171371459961
0.5580870509147644
0.6084530353546143
0.5599676966667175
0.5763569474220276
0.5627840757369995
0.6269893050193787
0.5920063257217407
0.637742817401886
0.5741710662841797
0.5854792594909668
0.5415793657302856
0.6735289096832275
0.5964014530181885
0.6112334728240967
0.6836336255073547
0.6409668922424316
0.6572478413581848
0.6524195075035095
0.6100622415542603
0.6341999769210815
0.680413007736206
0.6113213300704956
0.60361248254776
0.5625266432762146
0.6121340394020081
0.5976542234420776
0.5552762746810913
0.6825900077819824
0.6328709721565247
0.5988965034484863
0.5680810213088989
0.5896884202957153
0.6519334316253662
0.6420316696166992
0.6429771184921265
0.6853655576705933
0.5916257500648499
0.625280499458313
0.5944241285324097
0.654614269733429
0.6529355049133301
0.6464061737060547
0.6357344388961792
0.6360358595848083
0.6029971837997437
0.6270109415054321
0.6095993518829346
0.6525604128837585
0.7153217196464539
0.637153685092926
0.5769427418708801
0.6508680582046509
0.6326483488082886
0.6125565767288208
0.6430226564407349
0.5864936113357544
0.5882275104522705
0.579691469669342
0.6522253751754761
0.6284173727035522
0.6334431767463684
0.6192294359207153
0.5629826784133911
0.5731136202812195
0.6061328649520874
0.5474737882614136
0.6410839557647705
0.7030109167098999
0.6251968145370483
0.520816445350647
0.6718969941139221
0.6738628149032593
0.5986769199371338
0.6403118968009949
0.672682523727417
0.6156577467918396
0.6250004768371582
0.6468250155448914
0.618846595287323
0.6792384386062622
0.6212338209152222
0.5547076463699341
0.5763043761253357
0.6288943886756897
0.6092277765274048
0.640125036239624
0.6229733824729919
0.6041523814201355
0.6417645812034607
0.5741585493087769
0.6232497096061707
0.5868765115737915
0.5890945196151733
0.6511564254760742
0.5498676300048828
0.6197740435600281
0.6508331894874573
0.6332956552505493
0.6285239458084106
0.7077835202217102
0.6400648355484009
0.5950335264205933
0.622535228729248
0.5909507274627686
0.6499373316764832
0.607391893863678
0.6093761920928955
0.6379663348197937
0.5806896090507507
0.5971048474311829
0.6444445848464966
0.5866435766220093
0.6834654211997986
0.6556299328804016
0.6507824063301086
0.6424686312675476
0.629210352897644
0.6479139924049377
0.6488324403762817
0.6006800532341003
0.6872953772544861
0.7028977870941162
0.6750779151916504
0.5592312216758728
0.6484150886535645
0.6356887817382812
0.5947738885879517
0.6465822458267212
0.6071496605873108
0.6181110143661499
0.6124587059020996
0.5731210708618164
0.6469110250473022
0.650427520275116
0.6141819953918457
0.6469447612762451
0.693459153175354
0.6941711902618408
0.5803682804107666
0.5938923954963684
0.6476707458496094
0.6401292681694031
0.6414387822151184
0.5749232769012451
0.6011067032814026
0.6361245512962341
0.6399506330490112
0.5967544913291931
0.7068013548851013
0.6452213525772095
0.6650297045707703
0.615005373954773
0.652708113193512
0.5813142657279968
0.6411470174789429
0.6871853470802307
0.6032552123069763
0.6049970984458923
0.6142627596855164
0.6087678074836731
0.6292415857315063
0.6243406534194946
0.6012599468231201
0.7087162733078003
0.5834036469459534
0.6899082660675049
0.5844943523406982
0.6544470191001892
0.5791042447090149
0.6235854029655457
0.6018292903900146
0.634406328201294
0.5811489820480347
0.619621992111206
0.6213589906692505
0.6588566303253174
0.5879419445991516
0.6088741421699524
0.6585968732833862
0.6117051243782043
0.6985844373703003
0.6923027038574219
0.6061268448829651
0.6036384701728821
0.6401528716087341
0.6539521813392639
0.6351321339607239
0.6119615435600281
0.5206155180931091
0.6720853447914124
0.6396547555923462
0.6373249888420105
0.6540082097053528
0.6036257743835449
0.5991821885108948
0.6152046918869019
0.5902327299118042
0.6425275802612305
0.6392920017242432
0.6257284879684448
0.6466069221496582
0.6538137793540955
0.6494065523147583
0.6223984956741333
0.6792814135551453
0.6527489423751831
0.7176190614700317
0.627257764339447
0.6116904020309448
0.6481803059577942
0.66460120677948
0.6122066378593445
0.646289587020874
0.5681508779525757
0.7315251231193542
0.5810098052024841
0.6897478103637695
0.6099924445152283
0.6676854491233826
0.5812681913375854
0.6749795079231262
0.6253395676612854
0.6151517033576965
0.6446899771690369
0.5676307082176208
0.6836003065109253
0.5720138549804688
0.656049370765686
0.5841376185417175
0.6432518362998962
0.6350493431091309
0.6290044188499451
0.6569823622703552
0.6108990907669067
0.5599688291549683
0.5954964756965637
0.6031763553619385
0.6060409545898438
0.6917852163314819
0.6280088424682617
0.6103618144989014
0.5733487010002136
0.5796539187431335
0.6536223292350769
0.6165921688079834
0.6458039283752441
0.6556512713432312
0.5704978108406067
0.6305713057518005
0.6503469347953796
0.5481513738632202
0.6279118657112122
0.641810953617096
0.6703475117683411
0.696851372718811
0.6397529244422913
0.7078669667243958
0.676768958568573
0.5372644066810608
0.5907559990882874
0.6659801602363586
0.5819361805915833
0.6462202668190002
0.6938212513923645
0.5615619421005249
0.602626621723175
0.6821778416633606
0.6504207253456116
0.6070042252540588
0.6161258220672607
0.5906714797019958
0.6537615656852722
0.5907079577445984
0.5783460140228271
0.6767491698265076
0.6119297742843628
0.623284101486206
0.6442242860794067
0.6133069396018982
0.6387835741043091
0.6710548996925354
0.6091577410697937
0.5877867341041565
0.5995603203773499
0.5989552736282349
0.5529992580413818
0.640609860420227
0.6335846185684204
0.6251077651977539
0.6538543105125427
0.6356744170188904
0.6446122527122498
0.61639803647995
0.6634341478347778
0.606204092502594
0.5597512125968933
0.6621794104576111
0.657339870929718
0.623390257358551
0.6650420427322388
0.6108493804931641
0.6152202486991882
0.602957010269165
0.6244677305221558
0.6221359372138977
0.7159533500671387
0.5780277848243713
0.5840691328048706
0.6237210035324097
0.5959903001785278
0.6493693590164185
0.6096278429031372
0.5975123643875122
0.6350365877151489
0.6414973139762878
0.6569245457649231
0.6122153401374817
0.6468111276626587
0.6385413408279419
0.5791343450546265
0.6865084767341614
0.6297581791877747
0.5964340567588806
0.5823556780815125
0.6851255893707275
0.6497407555580139
0.6715654134750366
0.620213508605957
0.6755891442298889
0.5990699529647827
0.6291255354881287
0.6738852262496948
0.6107217669487
0.639832079410553
0.7379783987998962
0.6474614143371582
0.6709250807762146
0.7209741473197937
0.5681467652320862
0.6822422742843628
0.6233011484146118
0.6506990194320679
0.6322516202926636
0.5985265970230103
0.5916689038276672
0.5675238370895386
0.6627669930458069
0.6194741725921631
0.5749967098236084
0.6722477078437805
0.5803025364875793
0.604590117931366
0.6853361129760742
0.6401143670082092
0.6836308240890503
0.5963594317436218
0.6242413520812988
0.6101031303405762
0.7119999527931213
0.5370070934295654
0.6559918522834778
0.6708231568336487
0.59453946352005
0.632051408290863
0.6092857718467712
0.6767220497131348
0.6539907455444336
0.659162700176239
0.6228951811790466
0.6469747424125671
0.6061417460441589
0.6042613983154297
0.6832713484764099
0.6553221344947815
0.6303696036338806
0.6253896951675415
0.6236246824264526
0.6113777756690979
0.6210060715675354
0.6057081818580627
0.6701134443283081
0.6693607568740845
0.6438044309616089
0.6535474061965942
0.594139814376831
0.6446537971496582
0.6135869026184082
0.6446269750595093
0.5659098625183105
0.6624354720115662
0.6587149500846863
0.6756648421287537
0.5736243724822998
0.6199753880500793
0.580608069896698
0.6366803050041199
0.6432498693466187
0.6232918500900269
0.584062933921814
0.6157829165458679
0.6046745777130127
0.6843339800834656
0.569909930229187
0.5957385301589966
0.5949198007583618
0.6271836757659912
0.5371778607368469
0.6299384236335754
0.714600682258606
0.6322102546691895
0.6133860349655151
0.6412934064865112
0.649147629737854
0.6588302850723267
0.550947904586792
0.6645187735557556
0.6220263838768005
0.5690906047821045
0.661151647567749
0.6744575500488281
0.7135123014450073
0.655114471912384
0.6745438575744629
0.6841646432876587
0.6038271188735962
0.6110606789588928
0.5973753929138184
0.6786673069000244
0.6313859820365906
0.6085025668144226
0.6342990398406982
0.5796681642532349
0.6553658843040466
0.6202843189239502
0.6185805797576904
0.6649038791656494
0.6662102937698364
0.7028495073318481
0.6208605766296387
0.6171054840087891
0.6259236931800842
0.6456980109214783
0.6197227835655212
0.6157910227775574
0.6731168627738953
0.6802025437355042
0.5715612173080444
0.5803581476211548
0.6642757058143616
0.6377093195915222
0.5785236358642578
0.6621604561805725
0.6511202454566956
0.6407700181007385
0.7492567300796509
0.6278052926063538
0.6098986864089966
0.6398063898086548
0.6435414552688599
0.6548431515693665
0.6459205746650696
0.5914486646652222
0.6677706837654114
0.6236335635185242
0.5686730146408081
0.5913166999816895
0.6384677290916443
0.6005470752716064
0.6675877571105957
0.6919775009155273
0.648337185382843
0.6310023665428162
0.6414732933044434
0.6679999232292175
0.6349998712539673
0.604904055595398
0.630592405796051
0.6312662959098816
0.6350966691970825
0.6338801980018616
0.6142594814300537
0.6936277747154236
0.6475356817245483
0.6248993873596191
0.5793460011482239
0.634339451789856
0.6576985120773315
0.6012953519821167
0.6360562443733215
0.6580032706260681
0.6251352429389954
0.5897400975227356
0.637639045715332
0.6225979924201965
0.6623214483261108
0.5388604402542114
0.66377854347229
0.6364943981170654
0.5849704146385193
0.6262475848197937
0.5885117053985596
0.5705277919769287
0.6120399832725525
0.5491318702697754
0.603463351726532
0.6538637280464172
0.6414809226989746
0.5846477150917053
0.6100264191627502
0.673041045665741
0.6299393177032471
0.6318870186805725
0.5755371451377869
0.6158828139305115
0.6543225049972534
0.6844428181648254
0.6115156412124634
0.6553949117660522
0.6491672992706299
0.6472033262252808
0.6685383319854736
0.6176611185073853
0.561232328414917
0.7057473659515381
0.5614941716194153
0.5731717348098755
0.6520677804946899
0.6917735934257507
0.5645023584365845
0.7052915096282959
0.5509147047996521
0.6414923071861267
0.6756601333618164
0.6767858862876892
0.649340808391571
0.6176446080207825
0.6244908571243286
0.5721269845962524
0.5872253179550171
0.5897908806800842
0.6826749444007874
0.6121216416358948
0.5589051246643066
0.6988457441329956
0.5900096297264099
0.6225184202194214
0.6491388082504272
0.6166024208068848
0.5317327380180359
0.6154439449310303
0.6103298664093018
0.6726936101913452
0.5811928510665894
0.584000289440155
0.5768001675605774
0.6247036457061768
0.5789552330970764
0.6451465487480164
0.6261354684829712
0.6487382054328918
0.5940148830413818
0.6473787426948547
0.6559382677078247
0.6554262638092041
0.6885589361190796
0.6283811926841736
0.6460698843002319
0.6801523566246033
0.6219835877418518
0.6460990309715271
0.6196326017379761
0.6784075498580933
0.5995556116104126
0.6041736602783203
0.5882906913757324
0.6275724172592163
0.6215449571609497
0.6412138938903809
0.656410813331604
0.5812826156616211
0.6305785775184631
0.6698184013366699
0.6498087048530579
0.5810670256614685
0.7136560678482056
0.6436104774475098
0.6060173511505127
0.576585590839386
0.7085514664649963
0.6148292422294617
0.688188910484314
0.6407372951507568
0.6438068151473999
0.6390495300292969
0.5816347002983093
0.6092109084129333
0.6185529232025146
0.7019748687744141
0.6561452150344849
0.6431715488433838
0.6983842253684998
0.6408749222755432
0.6850148439407349
0.6016362905502319
0.7166500687599182
0.6060540676116943
0.5800079703330994
0.6363678574562073
0.6123642325401306
0.6126987934112549
0.6000953912734985
0.604668140411377
0.6610245704650879
0.6578766107559204
0.6386532187461853
0.5980122685432434
0.5869445204734802
0.6815965175628662
0.6536514163017273
0.6618406176567078
0.6281405091285706
0.5658499002456665
0.6601038575172424
0.6355857849121094
0.596375048160553
0.6405310034751892
0.6410590410232544
0.6264923810958862
0.647351086139679
0.6382675170898438
0.666422963142395
0.6132091283798218
0.6450417637825012
0.7154096961021423
0.5831072926521301
0.656356155872345
0.6406826972961426
0.6848686337471008
0.6371577382087708
0.6317229866981506
0.5868291258811951
0.5780627727508545
0.6505229473114014
0.6142150163650513
0.6802102327346802
0.6591236591339111
0.6587488651275635
0.6449676156044006
0.5793404579162598
0.6065195202827454
0.6037116050720215
0.6716099977493286
0.6544332504272461
0.6558918356895447
0.6010850071907043
0.6638808846473694
0.6357189416885376
0.6212995648384094
0.6284468173980713
0.6555313467979431
0.6113126277923584
0.6215823888778687
0.6443867683410645
0.6644561290740967
0.6923301219940186
0.609096884727478
0.6351252198219299
0.6220172643661499
0.6976189613342285
0.6352435946464539
0.6370547413825989
0.6238870024681091
0.5725149512290955
0.6115730404853821
0.6670210957527161
0.6511456370353699
0.6053680777549744
0.6651440262794495
0.6360139846801758
0.5858505964279175
0.6532478928565979
0.5613940954208374
0.6127798557281494
0.608596682548523
0.6252883076667786
0.6315199732780457
0.657092809677124
0.6798228621482849
0.6216802000999451
0.5310452580451965
0.601864755153656
0.6557784676551819
0.6534189581871033
0.6289247274398804
0.6167328357696533
0.591032087802887
0.5739418268203735
0.5615827441215515
0.53160160779953
0.705944299697876
0.6232384443283081
0.658184826374054
0.6716269850730896
0.6333858966827393
0.5716906785964966
0.6384059190750122
0.6463197469711304
0.6613160967826843
0.5848566293716431
0.698391854763031
0.570192813873291
0.6238258481025696
0.590140700340271
0.584777295589447
0.6304417252540588
0.652084231376648
0.5878243446350098
0.6456818580627441
0.6026815176010132
0.5728434920310974
0.6349464654922485
0.6123335361480713
0.6024662256240845
0.6357132196426392
0.6198440790176392
0.6440191268920898
0.6307476162910461
0.6738436818122864
0.6166102886199951
0.5766535997390747
0.60447758436203
0.7133062481880188
0.6075929999351501
0.6465612649917603
0.643713116645813
0.5618572235107422
0.6119979619979858
0.6397870779037476
0.6385285258293152
0.5815998315811157
0.705886960029602
0.5156043171882629
0.5614863634109497
0.6681655049324036
0.6603293418884277
0.5871084928512573
0.6977801322937012
0.5963547229766846
0.6328977346420288
0.6370934844017029
0.6227593421936035
0.6554874181747437
0.6370370984077454
0.6536049842834473
0.6309220790863037
0.6932817697525024
0.5720452070236206
0.6222969889640808
0.6050500273704529
0.6183786392211914
0.6917629241943359
0.5894424319267273
0.642207145690918
0.6576997637748718
0.6590027809143066
0.6467301845550537
0.6284103393554688
0.6426278948783875
0.7104350924491882
0.6175022125244141
0.6119003891944885
0.6709345579147339
0.5808289647102356
0.6061952710151672
0.627196192741394
0.6234413981437683
0.5956329703330994
0.6011034846305847
0.6928706765174866
0.5464665293693542
0.6590065360069275
0.6758995652198792
0.5631530284881592
0.6053013801574707
0.6642581820487976
0.6050774455070496
0.5871258974075317
0.6205237507820129
0.6653947830200195
0.6257674098014832
0.6206459403038025
0.6671696901321411
0.6406480073928833
0.5934343338012695
0.6600961685180664
0.5696529746055603
0.684950053691864
0.6314518451690674
0.6075477600097656
0.6185169219970703
0.5819777250289917
0.5707650184631348
0.5987485647201538
0.600508451461792
0.6041771769523621
0.6806378364562988
0.526266872882843
0.6346950531005859
0.6146795153617859
0.5772764086723328
0.6158261299133301
0.6228017807006836
0.6609018445014954
0.7121726870536804
0.6246488690376282
0.7008890509605408
0.6470527648925781
0.612280011177063
0.5623605251312256
0.5935914516448975
0.6325128078460693
0.6649954319000244
0.6936414241790771
0.6044631004333496
0.6649033427238464
0.5782088041305542
0.5789483785629272
0.6726529598236084
0.7287976145744324
0.628788948059082
0.6120205521583557
0.5392995476722717
0.6177747845649719
0.6158089637756348
0.6593852639198303
0.6003133058547974
0.67603600025177
0.6325876116752625
0.5879576802253723
0.6507812142372131
0.5889666676521301
0.5884785652160645
0.6570867300033569
0.6257029175758362
0.5875488519668579
0.6202813386917114
0.562183678150177
0.6035924553871155
0.5756677985191345
0.5718238949775696
0.5506561398506165
0.6423141360282898
0.6063703298568726
0.5690240263938904
0.6789408922195435
0.6151840686798096
0.6801834106445312
0.6081447005271912
0.5877963304519653
0.6441141963005066
0.6576574444770813
0.6309142112731934
0.5909945964813232
0.6367453336715698
0.6277514696121216
0.598173201084137
0.6238250732421875
0.6200429201126099
0.6694461107254028
0.5947773456573486
0.6452495455741882
0.5535727739334106
0.6551284193992615
0.6194390654563904
0.6218817234039307
0.6998929977416992
0.6316224336624146
0.5780379176139832
0.6673370599746704
0.6509122848510742
0.6737017035484314
0.6186917424201965
0.5729973316192627
0.5985198616981506
0.6516422033309937
0.6581250429153442
0.5967168211936951
0.6019795536994934
0.6398356556892395
0.6130352020263672
0.6423574090003967
0.5944712162017822
0.6930353045463562
0.6216394901275635
0.610417366027832
0.5370780825614929
0.628631055355072
0.6469327211380005
0.5950268507003784
0.61416095495224
0.5828598737716675
0.6367758512496948
0.6413415670394897
0.5193318128585815
0.6443133354187012
0.560706377029419
0.6565778255462646
0.6400315761566162
0.6875442266464233
0.613484263420105
0.6388343572616577
0.5897889137268066
0.6615099906921387
0.6193726062774658
0.6101973056793213
0.6611309051513672
0.6067864894866943
0.6814980506896973
0.7297189235687256
0.6446161866188049
0.6220590472221375
0.6946272850036621
0.6563505530357361
0.6551089286804199
0.6603179574012756
0.5256533026695251
0.6361680030822754
0.5756629705429077
0.6787053942680359
0.549632728099823
0.6154108643531799
0.6086149215698242
0.6198327541351318
0.6259976625442505
0.6476152539253235
0.73887699842453
0.616517961025238
0.6724251508712769
0.6406104564666748
0.6062530875205994
0.681053638458252
0.5739127993583679
0.5945753455162048
0.6223101615905762
0.579493522644043
0.6053298711776733
0.5859519839286804
0.5702516436576843
0.6538763642311096
0.6130784749984741
0.5748592019081116
0.658832848072052
0.6386968493461609
0.5958802700042725
0.7303645610809326
0.5732912421226501
0.6792541742324829
0.6438418626785278
0.6445200443267822
0.6145574450492859
0.62184739112854
0.6226286888122559
0.683026909828186
0.5930482149124146
0.5966691374778748
0.6498312950134277
0.6648815870285034
0.5506685972213745
0.6550728678703308
0.6764874458312988
0.6416520476341248
0.6588670015335083
0.7443756461143494
0.5843743681907654
0.6248298287391663
0.571571946144104
0.6056742668151855
0.584532618522644
0.6126465797424316
0.6399891376495361
0.6107152700424194
0.5993214845657349
0.5882948040962219
0.6175062656402588
0.6321129202842712
0.5894040465354919
0.5898730158805847
0.6622658371925354
0.6061314344406128
0.6010378003120422
0.5805898904800415
0.6025239825248718
0.6638641357421875
0.62366783618927
0.6060099005699158
0.5540438294410706
0.6578553915023804
0.6230338215827942
0.6556729078292847
0.6303027272224426
0.6268211007118225
0.6020427346229553
0.6396023035049438
0.681023359298706
0.5966466665267944
0.6043317317962646
0.5493178367614746
0.6629244089126587
0.6704849004745483
0.615188479423523
0.6386333107948303
0.5882070064544678
0.6010388135910034
0.5713046789169312
0.6470540165901184
0.6733008623123169
0.6347379088401794
0.6862053275108337
0.6215031147003174
0.6323500275611877
0.6995945572853088
0.6164931654930115
0.6150970458984375
0.6724802851676941
0.7010359764099121
0.6359561085700989
0.583000123500824
0.6563098430633545
0.5258476734161377
0.6444876790046692
0.5924153923988342
0.6769551038742065
0.599990725517273
0.6315543055534363
0.6172734498977661
0.6747649312019348
0.6257950067520142
0.6530566215515137
0.6826102137565613
0.6440005302429199
0.6083933115005493
0.613938570022583
0.5823900699615479
0.5595225095748901
0.6135945320129395
0.6902034878730774
0.6171789169311523
0.6111190915107727
0.6480724811553955
0.6143550276756287
0.6029208898544312
0.5790783762931824
0.6164617538452148
0.6709249019622803
0.554520308971405
0.6202142834663391
0.6738405823707581
0.6372234225273132
0.6402181386947632
0.6644741296768188
0.6123645901679993
0.6055041551589966
0.6191052794456482
0.6383985877037048
0.6431154012680054
0.6767632365226746
0.678637683391571
0.6804044246673584
0.6148186326026917
0.6275719404220581
0.5901453495025635
0.7177577018737793
0.5562899112701416
0.6133061051368713
0.6323296427726746
0.5794483423233032
0.5733500719070435
0.6126771569252014
0.6997694373130798
0.6189862489700317
0.5684657096862793
0.6177569031715393
0.6273581385612488
0.6156497597694397
0.6265797019004822
0.6331148743629456
0.5487197637557983
0.6568713784217834
0.6016498804092407
0.6011612415313721
0.6205220818519592
0.6147611737251282
0.7004578113555908
0.6228811740875244
0.6872287392616272
0.5673040151596069
0.6140154004096985
0.6117953658103943
0.5089009404182434
0.6758185029029846
0.6312553286552429
0.657223105430603
0.6656043529510498
0.6397830247879028
0.62713623046875
0.6489055156707764
0.7003673315048218
0.6077520847320557
0.6808846592903137
0.6865277886390686
0.6229828596115112
0.6623820066452026
0.6326758861541748
0.609853208065033
0.6235897541046143
0.6309000253677368
0.6581794023513794
0.6293131113052368
0.6525665521621704
0.7018864154815674
0.6347388625144958
0.577073335647583
0.6388643980026245
0.6423859596252441
0.5953333973884583
0.593176543712616
0.6249895095825195
0.5547009706497192
0.5926298499107361
0.5922871232032776
0.6002851724624634
0.6454822421073914
0.6420117616653442
0.623379111289978
0.6363381743431091
0.656886100769043
0.527985692024231
0.6163862943649292
0.5910283327102661
0.5744789242744446
0.6292734146118164
0.6209657192230225
0.6530876159667969
0.6356570720672607
0.6735504865646362
0.6467328667640686
0.6145997047424316
0.6685357689857483
0.7080545425415039
0.6322798728942871
0.5929743647575378
0.6717832088470459
0.6233462691307068
0.7326234579086304
0.5892848372459412
0.626549482345581
0.6623995900154114
0.6618099212646484
0.6300725936889648
0.6213200092315674
0.6540309190750122
0.6164886951446533
0.6531380414962769
0.6264468431472778
0.5973591208457947
0.5675067901611328
0.583976686000824
0.7336950898170471
0.7186589241027832
0.5567575097084045
0.5744725465774536
0.6179438233375549
0.6335002183914185
0.6827738881111145
0.612947940826416
0.6548235416412354
0.6931390166282654
0.6408624053001404
0.6286808252334595
0.5910236835479736
0.6517214179039001
0.6698439121246338
0.6868187189102173
0.6004788279533386
0.5620627403259277
0.6479288935661316
0.6144433617591858
0.6303666830062866
0.6215418577194214
0.5421437621116638
0.6392980217933655
0.6129273772239685
0.6978422999382019
0.5977387428283691
0.6367995142936707
0.6485975980758667
0.6140680313110352
0.6290829181671143
0.6461911201477051
0.5190365314483643
0.6306803822517395
0.6958316564559937
0.6340228319168091
0.6313572525978088
0.6895554065704346
0.5952980518341064
0.685053825378418
0.6174123883247375
0.6125171780586243
0.6691637635231018
0.6547085642814636
0.6528618931770325
0.6299108862876892
0.6225018501281738
0.6651785373687744
0.5808065533638
0.6907151937484741
0.6465058922767639
0.6595152616500854
0.5851484537124634
0.6561243534088135
0.6368409395217896
0.5862039923667908
0.6207464933395386
0.6534807682037354
0.6874810457229614
0.6035906076431274
0.5903846025466919
0.5879978537559509
0.6098949909210205
0.6318855285644531
0.6047929525375366
0.6656098961830139
0.6080931425094604
0.6492838263511658
0.601872444152832
0.6554365754127502
0.6119735240936279
0.6443920135498047
0.675878643989563
0.7034112811088562
0.5374512076377869
0.6431877017021179
0.5824522376060486
0.6368873119354248
0.5610479116439819
0.6779694557189941
0.6842013001441956
0.6418953537940979
0.550990879535675
0.6342090964317322
0.5683431625366211
0.6555851697921753
0.5902879238128662
0.6115396618843079
0.6018215417861938
0.7982996702194214
0.6508378386497498
0.5590535402297974
0.6696826815605164
0.5721264481544495
0.6150798797607422
0.6639713048934937
0.6040506362915039
0.6556327939033508
0.6787503361701965
0.6247019171714783
0.6333972215652466
0.6124839782714844
0.6160578727722168
0.6188613772392273
0.598942756652832
0.6683506369590759
0.6270001530647278
0.651654064655304
0.5768599510192871
0.6062556505203247
0.6840071082115173
0.6998069286346436
0.6678773760795593
0.620746374130249
0.6605032682418823
0.5961672067642212
0.6394680142402649
0.6740950345993042
0.5925629138946533
0.6398293375968933
0.6342637538909912
0.634522557258606
0.7099155187606812
0.5420451760292053
0.6736575961112976
0.6092129945755005
0.6238431930541992
0.6424235105514526
0.6334640979766846
0.6548470258712769
0.6021208167076111
0.6861379146575928
0.572242796421051
0.6176601648330688
0.6113681197166443
0.6517657041549683
0.5808216333389282
0.6730591058731079
0.6484328508377075
0.6743779182434082
0.6669800281524658
0.6691340804100037
0.6268311738967896
0.5745631456375122
0.6164595484733582
0.6608176827430725
0.705493688583374
0.6435033679008484
0.6110925674438477
0.6249932050704956
0.629118800163269
0.6510242223739624
0.6604673862457275
0.6414651870727539
0.6081875562667847
0.6041424870491028
0.5541790723800659
0.6654126644134521
0.6876088976860046
0.6467089653015137
0.6587909460067749
0.5963131189346313
0.6074271202087402
0.5795735716819763
0.6142296195030212
0.6696509718894958
0.6116684079170227
0.6713587045669556
0.6081376671791077
0.6556854844093323
0.6231096982955933
0.5890567302703857
0.6613696813583374
0.620384156703949
0.661589503288269
0.5991368889808655
0.5970957279205322
0.6035557985305786
0.6430543661117554
0.6563425064086914
0.6097695827484131
0.6838905215263367
0.6619859933853149
0.65019291639328
0.6594046354293823
0.70465487241745
0.6161686182022095
0.7514326572418213
0.6647884845733643
0.6345071196556091
0.6660175323486328
0.5590227246284485
0.6536452770233154
0.6261097192764282
0.6148062944412231
0.5655314326286316
0.6270387768745422
0.6421180963516235
0.6395449638366699
0.6030469536781311
0.5704838633537292
0.6325903534889221
0.654732882976532
0.6269784569740295
0.6678352355957031
0.6181616187095642
0.6867455840110779
0.629838764667511
0.6318171620368958
0.5751808881759644
0.6203312873840332
0.5882008671760559
0.6089885830879211
0.625532865524292
0.6918110251426697
0.6569858193397522
0.668132483959198
0.6379268765449524
0.5792553424835205
0.6870293021202087
0.6573634147644043
0.7039960622787476
0.6761397123336792
0.6684302687644958
0.616423487663269
0.6116977334022522
0.6635050177574158
0.5983096361160278
0.6155863404273987
0.640343427658081
0.6324070692062378
0.6249330639839172
0.6065415143966675
0.606782853603363
0.568857729434967
0.6083260178565979
0.597109854221344
0.6155472993850708
0.6358457803726196
0.611879825592041
0.6325203776359558
0.5546292066574097
0.60172039270401
0.6555237174034119
0.6647248268127441
0.6082510948181152
0.6113134026527405
0.6404116749763489
0.5460541248321533
0.610893964767456
0.6070276498794556
0.6291298270225525
0.6151095032691956
0.616239070892334
0.5955678224563599
0.6622512936592102
0.669722318649292
0.6511255502700806
0.5778486132621765
0.6233241558074951
0.5986247658729553
0.6538188457489014
0.6319432258605957
0.6455793380737305
0.5888277888298035
0.5790085196495056
0.705009937286377
0.6254061460494995
0.6812236905097961
0.6610334515571594
0.6523709893226624
0.589377760887146
0.6507548689842224
0.5542502999305725
0.6867164969444275
0.626274049282074
0.6225987672805786
0.6023324131965637
0.6513641476631165
0.5621587634086609
0.5338881611824036
0.6249333024024963
0.6473264098167419
0.7127249240875244
0.6562331914901733
0.6455517411231995
0.5824757218360901
0.6426738500595093
0.6180907487869263
0.6295013427734375
0.6599180102348328
0.6589869260787964
0.653059720993042
0.6326836347579956
0.6225395798683167
0.6636209487915039
0.6184819340705872
0.6268171072006226
0.6691290736198425
0.6666222810745239
0.6013100743293762
0.6583303213119507
0.6271036863327026
0.6331306099891663
0.5233141183853149
0.6052371859550476
0.6513224244117737
0.604663610458374
0.6183909773826599
0.6074716448783875
0.6393697261810303
0.6977064609527588
0.5902796387672424
0.6074846982955933
0.6208978295326233
0.6616061925888062
0.5860316157341003
0.6528224349021912
0.6167687177658081
0.6080648303031921
0.5858909487724304
0.5268848538398743
0.6061241626739502
0.631576418876648
0.5974330306053162
0.5407291650772095
0.5813758969306946
0.5799199938774109
0.5495794415473938
0.6769194006919861
0.6202885508537292
0.6209061741828918
0.5438960790634155
0.6474370956420898
0.6386812329292297
0.6195194125175476
0.6606618165969849
0.5916782021522522
0.6087369918823242
0.6610948443412781
0.5811628103256226
0.6118484735488892
0.6470766663551331
0.6675041913986206
0.6102296113967896
0.6924710869789124
0.6444253921508789
0.6205685138702393
0.6363751888275146
0.6686046123504639
0.6570616364479065
0.6698468923568726
0.6486030220985413
0.6212304830551147
0.5661345720291138
0.7054339051246643
0.5233632922172546
0.5512009859085083
0.624228835105896
0.6391528248786926
0.6589178442955017
0.619838297367096
0.6762180328369141
0.6402325630187988
0.6493439674377441
0.64279705286026
0.7059200406074524
0.6585335731506348
0.5524773001670837
0.5894988179206848
0.7025270462036133
0.5583875179290771
0.6829909086227417
0.6048336625099182
0.6207304000854492
0.5950207114219666
0.596638560295105
0.6500260233879089
0.6376551985740662
0.6075882911682129
0.7025717496871948
0.6101845502853394
0.7033964395523071
0.6078295707702637
0.6335816383361816
0.6023290753364563
0.6131287217140198
0.606542706489563
0.574548602104187
0.6041210293769836
0.6086035966873169
0.5908348560333252
0.6819998621940613
0.6633034348487854
0.6601845622062683
0.6434100270271301
0.6963815689086914
0.6253881454467773
0.5514124035835266
0.6542344093322754
0.6743344664573669
0.6444292068481445
0.6061655282974243
0.6535605788230896
0.599004864692688
0.6030393838882446
0.6392389535903931
0.6136235594749451
0.6249415874481201
0.6320428252220154
0.6169697642326355
0.6377317905426025
0.5596290230751038
0.592772901058197
0.622290313243866
0.5831591486930847
0.5800274014472961
0.6050642132759094
0.6428573131561279
0.6113400459289551
0.5790215134620667
0.5922287106513977
0.6524289846420288
0.6278301477432251
0.6266000270843506
0.6520530581474304
0.6522213220596313
0.6467055082321167
0.5975111722946167
0.6712183356285095
0.5771071910858154
0.6225674748420715
0.6117158532142639
0.6480578780174255
0.6135330200195312
0.6035700440406799
0.6460995078086853
0.6869835257530212
0.5714788436889648
0.6324778199195862
0.6547930836677551
0.6367042064666748
0.637872576713562
0.5682902336120605
0.5721652507781982
0.6217151880264282
0.5982357859611511
0.6038175225257874
0.6406393051147461
0.6646063923835754
0.6491284370422363
0.6693133115768433
0.640410840511322
0.5501435399055481
0.6475375890731812
0.6846671104431152
0.5925472974777222
0.6397570967674255
0.6303513050079346
0.623691976070404
0.6023959517478943
0.6545483469963074
0.7121224999427795
0.5709775686264038
0.5830596685409546
0.5993286967277527
0.6631875038146973
0.675970733165741
0.5870614051818848
0.5387783646583557
0.7180652022361755
0.6013407111167908
0.6191646456718445
0.6120811104774475
0.5525878071784973
0.6160644292831421
0.5829464793205261
0.5596909523010254
0.5544442534446716
0.6325703859329224
0.592755913734436
0.6441076397895813
0.6052244305610657
0.5960915088653564
0.6506556272506714
0.6013013124465942
0.6736851930618286
0.5765137672424316
0.6372182369232178
0.6061736345291138
0.6266128420829773
0.6669515371322632
0.6402619481086731
0.5708669424057007
0.673993706703186
0.601574718952179
0.5946434736251831
0.6363052725791931
0.6169626712799072
0.5466182231903076
0.6059882640838623
0.6036503314971924
0.6416608095169067
0.6829508543014526
0.6756963133811951
0.6347351670265198
0.6674472093582153
0.5982022285461426
0.5818608999252319
0.6578997373580933
0.6928777694702148
0.6553326845169067
0.6352578997612
0.6406489610671997
0.6244828701019287
0.6571693420410156
0.5971590876579285
0.6174303293228149
0.5873774290084839
0.6667536497116089
0.6110478639602661
0.6277387142181396
0.6311479806900024
0.620860755443573
0.6227860450744629
0.6271564960479736
0.6282283067703247
0.6279891729354858
0.5823071002960205
0.5712311267852783
0.5965545773506165
0.6367934942245483
0.6468185782432556
0.6275282502174377
0.6754196286201477
0.6555582284927368
0.6370822191238403
0.6318330764770508
0.5768195390701294
0.6999502778053284
0.6407052278518677
0.5767995119094849
0.6233481764793396
0.6456408500671387
0.6028525829315186
0.7222851514816284
0.6444119215011597
0.6245238184928894
0.6136062145233154
0.6244263052940369
0.6332759261131287
0.6526416540145874
0.5839309692382812
0.6825351715087891
0.6366083025932312
0.6461787819862366
0.6156411170959473
0.6154314875602722
0.6734721660614014
0.5789384841918945
0.6193804740905762
0.5899239778518677
0.6539789438247681
0.6537092924118042
0.6204483509063721
0.6543602347373962
0.6460584402084351
0.6011089086532593
0.5738643407821655
0.6276337504386902
0.6142297983169556
0.667232871055603
0.7233639359474182
0.6240189075469971
0.5785089135169983
0.5799700617790222
0.5158793330192566
0.6653699278831482
0.6717149019241333
0.6714960336685181
0.6059762239456177
0.708625078201294
0.6574524641036987
0.6062763929367065
0.6222873330116272
0.6260724067687988
0.6225113868713379
0.672454297542572
0.6312606334686279
0.6110715866088867
0.660691499710083
0.6428202390670776
0.6206333637237549
0.6115450263023376
0.6126044988632202
0.6631820201873779
0.604338526725769
0.6548541188240051
0.6551358103752136
0.6578162312507629
0.6135996580123901
0.567113995552063
0.5935291647911072
0.6088004112243652
0.6063224077224731
0.581623375415802
0.6342378854751587
0.6740434169769287
0.612653374671936
0.6478339433670044
0.6077629327774048
0.6364575028419495
0.616573691368103
0.5856168270111084
0.5875322818756104
0.6113905906677246
0.691335141658783
0.608871340751648
0.5832940936088562
0.5976178050041199
0.7387485504150391
0.655413031578064
0.623523473739624
0.6246283650398254
0.6414920091629028
0.6151201128959656
0.7020480632781982
0.6413089036941528
0.6441594958305359
0.5995582342147827
0.6197504997253418
0.6150370240211487
0.6762072443962097
0.6419566869735718
0.630743682384491
0.5973497033119202
0.6562100648880005
0.5737016797065735
0.6400805115699768
0.6559996604919434
0.6453889608383179
0.6387072801589966
0.5809622406959534
0.7125948667526245
0.6030368804931641
0.5893104672431946
0.6234093904495239
0.5875005125999451
0.5993880033493042
0.6602047085762024
0.5873401165008545
0.6362300515174866
0.5974137783050537
0.6413601636886597
0.6354296207427979
0.636875331401825
0.49409809708595276
0.5676664710044861
0.6531611084938049
0.6224803924560547
0.5591136813163757
0.6635943651199341
0.6543503999710083
0.6360368728637695
0.5894173979759216
0.6570481061935425
0.5793721079826355
0.5443834662437439
0.656447172164917
0.6144319772720337
0.6675553321838379
0.689751148223877
0.6538644433021545
0.5997571349143982
0.6350741982460022
0.6247035264968872
0.606435239315033
0.643376886844635
0.7077754735946655
0.6201148629188538
0.6561400294303894
0.5536777973175049
0.6002098321914673
0.6039870381355286
0.606548547744751
0.6127371191978455
0.7263724207878113
0.6426171660423279
0.62732994556427
0.6474632024765015
0.5468473434448242
0.6785128712654114
0.5986312031745911
0.661797046661377
0.5426335334777832
0.6051122546195984
0.6284908652305603
0.6024250388145447
0.5635906457901001
0.6735345125198364
0.5547902584075928
0.6568267345428467
0.5835316181182861
0.6933909058570862
0.6162264347076416
0.6712626814842224
0.5835059285163879
0.6564978361129761
0.5641866326332092
0.6033498644828796
0.6158032417297363
0.5408295392990112
0.5964860916137695
0.5672103762626648
0.6293429136276245
0.6316224932670593
0.664587140083313
0.530459463596344
0.5548245310783386
0.6317759156227112
0.5738694667816162
0.6341529488563538
0.6418242454528809
0.6200118660926819
0.5911228656768799
0.6082202792167664
0.6495109796524048
0.5993968844413757
0.6093989610671997
0.6597383618354797
0.6629695892333984
0.6252709031105042
0.7034045457839966
0.6658459305763245
0.6980279088020325
0.6274232268333435
0.5874248743057251
0.7007561922073364
0.5940003395080566
0.6999819278717041
0.6391059160232544
0.6317644715309143
0.6515604257583618
0.6287591457366943
0.6410523653030396
0.6739894151687622
0.6493688225746155
0.66297847032547
0.6283213496208191
0.6671715378761292
0.6148046255111694
0.614200234413147
0.617529034614563
0.6566848158836365
0.6183934807777405
0.5813167095184326
0.662388801574707
0.6627187132835388
0.6027915477752686
0.684922456741333
0.5782825946807861
0.610554039478302
0.6110252141952515
0.6591478586196899
0.6556318402290344
0.575640857219696
0.5917145013809204
0.6209447383880615
0.6239373087882996
0.538706362247467
0.6673095226287842
0.6006861925125122
0.6285251975059509
0.6999108791351318
0.6120686531066895
0.6092742681503296
0.6457199454307556
0.6222570538520813
0.6231480240821838
0.5739762187004089
0.6357492804527283
0.712668776512146
0.6045135259628296
0.6147664785385132
0.5672085285186768
0.6004101634025574
0.5862802267074585
0.630630612373352
0.5949395298957825
0.5559938549995422
0.6106336712837219
0.5539299249649048
0.680795431137085
0.603963315486908
0.6429677605628967
0.5788291096687317
0.6376034021377563
0.6714102625846863
0.6203981637954712
0.7806917428970337
0.6717462539672852
0.6280001997947693
0.6334043145179749
0.633697509765625
0.6548222303390503
0.6425490975379944
0.6570087671279907
0.5785771608352661
0.576938271522522
0.6762294769287109
0.6846145391464233
0.6162935495376587
0.6737560629844666
0.5708121061325073
0.6456420421600342
0.6108954548835754
0.5926647782325745
0.6066034436225891
0.6368563175201416
0.6345580816268921
0.6355096697807312
0.7472910284996033
0.591972291469574
0.6732287406921387
0.5626749992370605
0.6269512176513672
0.6126137375831604
0.6036034822463989
0.664858877658844
0.6142033338546753
0.6005483865737915
0.6119388341903687
0.6224110126495361
0.6140691041946411
0.5993383526802063
0.5667933821678162
0.5757604241371155
0.6304687857627869
0.6596513390541077
0.6333659887313843
0.6695568561553955
0.6126471161842346
0.649802029132843
0.574196994304657
0.5999864935874939
0.6509736776351929
0.6324446797370911
0.6093411445617676
0.6637539863586426
0.583935558795929
0.6314034461975098
0.6098220348358154
0.6359409093856812
0.6029055118560791
0.6336621046066284
0.5443856716156006
0.5962693691253662
0.6022821664810181
0.6108080148696899
0.5830278992652893
0.6419364213943481
0.6242372989654541
0.6212053298950195
0.6080666184425354
0.6407005190849304
0.6499013900756836
0.6341145634651184
0.6688060164451599
0.5255690217018127
0.6533070206642151
0.6297898292541504
0.6167939305305481
0.5991039276123047
0.6309691071510315
0.6725026965141296
0.6529344320297241
0.5940287709236145
0.6879154443740845
0.6337252259254456
0.6226170063018799
0.5702787637710571
0.6694575548171997
0.650384247303009
0.6628954410552979
0.6253002285957336
0.6515952944755554
0.7263174057006836
0.6197160482406616
0.5850846171379089
0.6192971467971802
0.6077081561088562
0.5958412885665894
0.5931105017662048
0.6255185604095459
0.603070080280304
0.6567080020904541
0.5882629156112671
0.6028692722320557
0.6141031384468079
0.5678337216377258
0.6915627717971802
0.6525323987007141
0.5940657258033752
0.6206797361373901
0.6692595481872559
0.597855806350708
0.6001555919647217
0.6457362771034241
0.6276553273200989
0.5942190885543823
0.6236979961395264
0.4981868267059326
0.684651792049408
0.6203992366790771
0.6703636050224304
0.6464871168136597
0.6232308149337769
0.6004918813705444
0.6583289504051208
0.5812399983406067
0.6333518028259277
0.646272599697113
0.6966488361358643
0.6347271203994751
0.6002252101898193
0.6294277310371399
0.628772497177124
0.5528548359870911
0.6308510303497314
0.6701907515525818
0.6507686972618103
0.6231825351715088
0.6353548765182495
0.6534654498100281
0.6221324801445007
0.5649892091751099
0.6348557472229004
0.6413819789886475
0.6825506687164307
0.6239126324653625
0.608026385307312
0.5866331458091736
0.5534039735794067
0.647824764251709
0.6186505556106567
0.6382302045822144
0.6336466670036316
0.6821367144584656
0.5809577107429504
0.6148650050163269
0.6679587364196777
0.621871292591095
0.6078844666481018
0.6459192633628845
0.6359344720840454
0.6186968684196472
0.5866100788116455
0.6666076183319092
0.6073569655418396
0.6341416835784912
0.5809565782546997
0.6895464062690735
0.5801683664321899
0.6309605240821838
0.6195847392082214
0.6887157559394836
0.628717839717865
0.677436113357544
0.6604666113853455
0.6084439754486084
0.7146593928337097
0.6051439046859741
0.6252630352973938
0.6371607184410095
0.6497353315353394
0.5541887879371643
0.6667912602424622
0.6561238169670105
0.6586077809333801
0.6300040483474731
0.573840856552124
0.642686128616333
0.5840948224067688
0.6114596724510193
0.6871925592422485
0.5989780426025391
0.6206397414207458
0.5877082943916321
0.6676506996154785
0.5946158766746521
0.5869135856628418
0.5821839570999146
0.6903277039527893
0.6152589321136475
0.5909509658813477
0.6536598205566406
0.6253583431243896
0.6967397928237915
0.6344437003135681
0.6610097885131836
0.6064705848693848
0.6651833653450012
0.6244019865989685
0.5890964865684509
0.5970491766929626
0.6311854124069214
0.6854568719863892
0.6189699172973633
0.632797122001648
0.6303609013557434
0.6334344148635864
0.6070864796638489
0.6741995811462402
0.6262912154197693
0.6463581323623657
0.6189340949058533
0.6155408620834351
0.6656925678253174
0.6623390913009644
0.551908552646637
0.5436663031578064
0.5951379537582397
0.6094645261764526
0.642196536064148
0.4960583746433258
0.5974075794219971
0.6138759255409241
0.668129563331604
0.6648299098014832
0.7055575847625732
0.5474715828895569
0.5973137021064758
0.5671600103378296
0.5653501152992249
0.6416037678718567
0.663640558719635
0.6086918115615845
0.6495751142501831
0.6418984532356262
0.6077362895011902
0.5647058486938477
0.6550807356834412
0.6414104104042053
0.6465772390365601
0.5926874279975891
0.6203439235687256
0.6853028535842896
0.5731831192970276
0.6453900337219238
0.6493830680847168
0.6287277340888977
0.5928554534912109
0.6267613172531128
0.6298200488090515
0.6050128936767578
0.7118280529975891
0.6327875256538391
0.6357526183128357
0.6206236481666565
0.6267092227935791
0.5837042331695557
0.6631880402565002
0.6865144968032837
0.5811078548431396
0.6310725808143616
0.5971483588218689
0.6555376648902893
0.5626657009124756
0.6359331011772156
0.6243430376052856
0.6006197333335876
0.5707390308380127
0.5957521200180054
0.7117736339569092
0.5860987901687622
0.6304395198822021
0.5886343717575073
0.6330415606498718
0.6396301984786987
0.5658023953437805
0.5834258198738098
0.6724724173545837
0.6045915484428406
0.6230416297912598
0.6151002645492554
0.5870386958122253
0.6133036017417908
0.6075162291526794
0.6329454183578491
0.6006451845169067
0.662936270236969
0.5964629650115967
0.5876901745796204
0.6802728772163391
0.6058343052864075
0.6134837865829468
0.6602107286453247
0.5760114789009094
0.6681244373321533
0.5937156081199646
0.6403117179870605
0.6136127710342407
0.6650540232658386
0.5789161324501038
0.6371714472770691
0.6412879228591919
0.6719652414321899
0.598761796951294
0.660935640335083
0.6526339054107666
0.6120002865791321
0.6382330060005188
0.6556942462921143
0.710732638835907
0.6568266749382019
0.585386335849762
0.6390727758407593
0.6415355801582336
0.6821384429931641
0.6472427845001221
0.5756294131278992
0.6659332513809204
0.6724743843078613
0.6483159065246582
0.6485744714736938
0.6062040328979492
0.6230065822601318
0.5940601825714111
0.6439919471740723
0.606537938117981
0.6063156127929688
0.7028830051422119
0.6849988698959351
0.5545978546142578
0.6273884177207947
0.5975751876831055
0.6207175254821777
0.6087686419487
0.5808167457580566
0.5845346450805664
0.5597237348556519
0.6752877831459045
0.643889844417572
0.6688132882118225
0.6883982419967651
0.708302915096283
0.6261653900146484
0.6217014789581299
0.6750995516777039
0.6563694477081299
0.5398709177970886
0.687964916229248
0.5280089378356934
0.6398715376853943
0.6947320699691772
0.6187331080436707
0.6248387098312378
0.5859038233757019
0.6652078628540039
0.6474164128303528
0.6274455189704895
0.6216232776641846
0.6270376443862915
0.5953966975212097
0.6226440668106079
0.6005836129188538
0.6392268538475037
0.6535098552703857
0.6111714243888855
0.5833188891410828
0.5863415598869324
0.6171925067901611
0.6113119721412659
0.6840901970863342
0.6304169297218323
0.6894890069961548
0.6396042108535767
0.6459548473358154
0.6862400770187378
0.6224727034568787
0.650525689125061
0.6363648772239685
0.6127452850341797
0.6013341546058655
0.5995985269546509
0.5672438144683838
0.611140251159668
0.6681086421012878
0.5949251651763916
0.6475620865821838
0.7631192207336426
0.6456234455108643
0.5756828784942627
0.5935994386672974
0.6793296337127686
0.622127890586853
0.6250020861625671
0.5967234373092651
0.6406723260879517
0.674479603767395
0.6163462996482849
0.649446964263916
0.5772560834884644
0.67448490858078
0.5504173636436462
0.694503664970398
0.616749107837677
0.6116528511047363
0.6271117329597473
0.6263256072998047
0.6299251317977905
0.6594010591506958
0.6304928660392761
0.6343794465065002
0.6422411203384399
0.6868741512298584
0.6065444946289062
0.6616703271865845
0.6560686230659485
0.5935559272766113
0.7094473838806152
0.5993677377700806
0.5712190270423889
0.6273899674415588
0.6534178256988525
0.5755005478858948
0.6564345359802246
0.640720009803772
0.6259984374046326
0.653264045715332
0.5911865234375
0.6321807503700256
0.6605299115180969
0.6129654049873352
0.5910779237747192
0.6157457828521729
0.595039963722229
0.5820253491401672
0.5344221591949463
0.5950570702552795
0.6078003644943237
0.632921040058136
0.6418140530586243
0.6714246869087219
0.6653603315353394
0.693203866481781
0.6317706108093262
0.6566463112831116
0.6376416683197021
0.6264715194702148
0.5161539316177368
0.6490399241447449
0.5620813965797424
0.6886370182037354
0.6235063076019287
0.6483480930328369
0.6549038887023926
0.6509774327278137
0.6240678429603577
0.6451004147529602
0.6719226241111755
0.5656876564025879
0.6039789915084839
0.5779825448989868
0.6512824296951294
0.6080741286277771
0.6570354700088501
0.6081748008728027
0.7050943970680237
0.6383513808250427
0.6815426349639893
0.6719680428504944
0.6176264882087708
0.6233129501342773
0.6011046767234802
0.6441284418106079
0.7184727787971497
0.5599595904350281
0.5216968655586243
0.6940025091171265
0.6453021168708801
0.6067826747894287
0.6453719139099121
0.6608286499977112
0.5790342092514038
0.6285045742988586
0.6135042905807495
0.6424410343170166
0.6384854912757874
0.6114025115966797
0.562263011932373
0.5910419225692749
0.6312710642814636
0.6943313479423523
0.6139179468154907
0.5335633754730225
0.6266546845436096
0.6007890105247498
0.6690942049026489
0.6642342805862427
0.6510820984840393
0.6767275333404541
0.678417980670929
0.6983473300933838
0.592788577079773
0.5757192373275757
0.5927138924598694
0.6665850281715393
0.6129879951477051
0.6153006553649902
0.616397500038147
0.6339019536972046
0.6728958487510681
0.5725082755088806
0.6267895698547363
0.6024700403213501
0.5959007740020752
0.6012078523635864
0.6699704527854919
0.5665446519851685
0.6090425252914429
0.6259339451789856
0.7022967338562012
0.5921822786331177
0.638878345489502
0.6025715470314026
0.6229499578475952
0.6622113585472107
0.6135907173156738
0.6398782134056091
0.6500269174575806
0.6347677111625671
0.6948748826980591
0.6404566764831543
0.558413028717041
0.6257312297821045
0.5822871327400208
0.638014018535614
0.6724465489387512
0.6116388440132141
0.6507277488708496
0.6249775290489197
0.6249582767486572
0.6037758588790894
0.6605992317199707
0.6164780855178833
0.6213175058364868
0.6229541301727295
0.6463657021522522
0.6749004125595093
0.6252676248550415
0.5830762982368469
0.6552214622497559
0.7017498016357422
0.597162127494812
0.660856306552887
0.6179394125938416
0.635956346988678
0.6251167058944702
0.7025036215782166
0.6590559482574463
0.6350029110908508
0.615068793296814
0.6269827485084534
0.6403622627258301
0.6795083284378052
0.6742054224014282
0.6461702585220337
0.7106984853744507
0.7060515880584717
0.5985674858093262
0.6418936848640442
0.5776864290237427
0.6532790064811707
0.5848272442817688
0.625601053237915
0.5973813533782959
0.6125513911247253
0.5469127297401428
0.6015629172325134
0.5225919485092163
0.5593231320381165
0.660739541053772
0.5869216322898865
0.6050032377243042
0.5672812461853027
0.6749457120895386
0.6151934266090393
0.6098029017448425
0.6439648866653442
0.6139706373214722
0.6343783736228943
0.5923300385475159
0.7245224118232727
0.6399139761924744
0.6183198690414429
0.5502997636795044
0.5757150053977966
0.6751633286476135
0.5994137525558472
0.599273145198822
0.5486137866973877
0.6270554065704346
0.5878462791442871
0.5643590092658997
0.6044014692306519
0.6504592895507812
0.586466908454895
0.5467020869255066
0.6450529098510742
0.5913596153259277
0.5948994159698486
0.6105178594589233
0.5974898338317871
0.5648118853569031
0.641128659248352
0.6806056499481201
0.6892189383506775
0.6765414476394653
0.5722267627716064
0.630196213722229
0.5492504835128784
0.6388283967971802
0.5667980909347534
0.6503099203109741
0.6213979721069336
0.6862679719924927
0.6605392694473267
0.6027015447616577
0.5640063881874084
0.5875948667526245
0.6270481944084167
0.6477488279342651
0.6542173027992249
0.6010850667953491
0.4934231638908386
0.6494901180267334
0.5845643877983093
0.6309409737586975
0.6520602703094482
0.6581473350524902
0.6566787958145142
0.6196062564849854
0.6377836465835571
0.6447669267654419
0.707724392414093
0.5881869792938232
0.6523803472518921
0.5924289226531982
0.5989142656326294
0.60737544298172
0.6814620494842529
0.6681141257286072
0.7026617527008057
0.6407148838043213
0.6260395050048828
0.5925474762916565
0.6856191158294678
0.6354207992553711
0.6400977373123169
0.712932825088501
0.6105940937995911
0.5720108151435852
0.6392881870269775
0.6418232321739197
0.6790220737457275
0.6533676385879517
0.5925218462944031
0.6306254863739014
0.5966259837150574
0.612471342086792
0.6208769083023071
0.6347575783729553
0.669218122959137
0.6781392097473145
0.6087383031845093
0.5777982473373413
0.5379342436790466
0.6204304695129395
0.6087243556976318
0.5674889087677002
0.6149178743362427
0.6396000981330872
0.6742302775382996
0.6039047241210938
0.6422367095947266
0.6859016418457031
0.6310522556304932
0.6041786670684814
0.5989096164703369
0.6459132432937622
0.6396646499633789
0.65327388048172
0.655582070350647
0.6363381743431091
0.6670483350753784
0.632536768913269
0.6313270330429077
0.6481438875198364
0.6442784070968628
0.6678028106689453
0.5718101859092712
0.723488450050354
0.5875149965286255
0.588030993938446
0.6425504684448242
0.6257662773132324
0.6403497457504272
0.5810438990592957
0.5936397910118103
0.6070253849029541
0.6275138258934021
0.6750055551528931
0.6227428317070007
0.6335208415985107
0.6454521417617798
0.5750488042831421
0.6443570256233215
0.6250795722007751
0.6250040531158447
0.6445325016975403
0.6500054001808167
0.5845962762832642
0.5973107814788818
0.5850027799606323
0.7537626028060913
0.5891152620315552
0.6494499444961548
0.6904740333557129
0.595833957195282
0.5853698253631592
0.6179580688476562
0.652347207069397
0.6306182742118835
0.567298412322998
0.6284412741661072
0.5645692944526672
0.587693452835083
0.6300183534622192
0.6486208438873291
0.6345323324203491
0.6375060081481934
0.536390483379364
0.5937788486480713
0.629606306552887
0.6357176899909973
0.5891205072402954
0.6211538314819336
0.6363601684570312
0.6321215033531189
0.541680097579956
0.674751341342926
0.6405708193778992
0.6071971654891968
0.6547727584838867
0.6504153609275818
0.6426874399185181
0.6162904500961304
0.6265782117843628
0.6020433306694031
0.6196362972259521
0.6472675800323486
0.6672384142875671
0.6623318195343018
0.565990149974823
0.6146447658538818
0.6107273101806641
0.6360726952552795
0.6616204977035522
0.6396936178207397
0.5898398160934448
0.6389384865760803
0.6212016940116882
0.6701430082321167
0.7094109058380127
0.6194367408752441
0.6720403432846069
0.6615376472473145
0.6574733257293701
0.6324114799499512
0.6960887908935547
0.6791353225708008
0.6334143877029419
0.6653148531913757
0.5955252647399902
0.6127831935882568
0.6222553849220276
0.612558901309967
0.631362795829773
0.6044727563858032
0.6398382782936096
0.6395462155342102
0.7101399302482605
0.5695695877075195
0.6269460320472717
0.6586185097694397
0.6034420132637024
0.6868635416030884
0.6290205717086792
0.6593526601791382
0.6069183945655823
0.5292260050773621
0.6265875697135925
0.6431790590286255
0.6074362993240356
0.6322855353355408
0.6127943396568298
0.6231993436813354
0.6212223768234253
0.6119784116744995
0.5885841250419617
0.5918806195259094
0.6041015386581421
0.6907562613487244
0.6741201281547546
0.6454787254333496
0.6218082904815674
0.5956576466560364
0.6310694217681885
0.5781988501548767
0.5841405391693115
0.6255487203598022
0.7194632291793823
0.5655636191368103
0.6256466507911682
0.6512904763221741
0.626390814781189
0.6219373345375061
0.6478015780448914
0.6195456385612488
0.6026233434677124
0.6513607501983643
0.5935534238815308
0.603060245513916
0.5860721468925476
0.6394754648208618
0.6431659460067749
0.6598174571990967
0.6318527460098267
0.5643560886383057
0.6144784092903137
0.5710433125495911
0.6265560984611511
0.6353898048400879
0.65097576379776
0.7377157807350159
0.6169639825820923
0.59396892786026
0.6394457817077637
0.6002196073532104
0.6806718707084656
0.6049332618713379
0.6454228162765503
0.5735313892364502
0.6787564158439636
0.6452124118804932
0.6176517605781555
0.6883371472358704
0.6435668468475342
0.6682140827178955
0.6453964710235596
0.6253887414932251
0.6645911335945129
0.6785767674446106
0.6173338890075684
0.5976077318191528
0.6682752966880798
0.579516589641571
0.5232040882110596
0.6503591537475586
0.5751887559890747
0.6444109082221985
0.6121416687965393
0.6581553816795349
0.5818507671356201
0.6259498596191406
0.5983242988586426
0.6347423791885376
0.6215522885322571
0.6348789930343628
0.6098726987838745
0.6334875822067261
0.638683557510376
0.6585134863853455
0.6542918682098389
0.6120533347129822
0.5785263776779175
0.6404877305030823
0.6309273838996887
0.6246031522750854
0.6289929747581482
0.6651883721351624
0.6774289608001709
0.6880165934562683
0.6185909509658813
