0.43570342659950256
0.44967442750930786
0.4389289319515228
0.39447465538978577
0.44380033016204834
0.4660237729549408
0.47179606556892395
0.45728158950805664
0.45756131410598755
0.45715779066085815
0.4442329704761505
0.4645337164402008
0.45769429206848145
0.46841633319854736
0.45708513259887695
0.4332897663116455
0.3923413157463074
0.4702513515949249
0.4728851914405823
0.4010220468044281
0.41434308886528015
0.44432276487350464
0.4243927299976349
0.43169131875038147
0.42031943798065186
0.3888395428657532
0.45138275623321533
0.39438045024871826
0.47551098465919495
0.4646626114845276
0.3930990993976593
0.39764106273651123
0.453559011220932
0.4211712181568146
0.44857847690582275
0.468841552734375
0.41284164786338806
0.3955875635147095
0.4358592629432678
0.45647770166397095
0.45863279700279236
0.46360549330711365
0.44118618965148926
0.44423016905784607
0.4096616506576538
0.46374455094337463
0.491636723279953
0.4997628927230835
0.5063431859016418
0.46306467056274414
0.39600908756256104
0.4333820343017578
0.4943557381629944
0.5102850198745728
0.39905381202697754
0.4894101321697235
0.4816732108592987
0.4508379101753235
0.45497655868530273
0.44800740480422974
0.41667690873146057
0.46456828713417053
0.4291481077671051
0.3831166625022888
0.4978608787059784
0.4315386414527893
0.4097186326980591
0.4645644724369049
0.394704669713974
0.4101736843585968
0.46009793877601624
0.40923643112182617
0.4476410746574402
0.47644686698913574
0.42858102917671204
0.41155797243118286
0.4244152009487152
0.4828546941280365
0.4475799798965454
0.44954705238342285
0.4312126934528351
0.44686633348464966
0.4221726059913635
0.3864145874977112
0.5080710649490356
0.48329105973243713
0.3821616768836975
0.4096560776233673
0.4487171471118927
0.40773850679397583
0.47606074810028076
0.4429979622364044
0.4762510657310486
0.42090678215026855
0.44165992736816406
0.4497517943382263
0.41656216979026794
0.43888935446739197
0.47936174273490906
0.4318954348564148
0.45303452014923096
0.4775508642196655
0.41654065251350403
0.4375763535499573
0.44972142577171326
0.4189208745956421
0.4958837330341339
0.4388357400894165
0.4017122685909271
0.48933443427085876
0.4225373864173889
0.4842380881309509
0.43129706382751465
0.48660147190093994
0.4614101052284241
0.3991503417491913
0.46887561678886414
0.4853334128856659
0.4260224997997284
0.4544234871864319
0.4371494650840759
0.4538479447364807
0.5116283893585205
0.4019624590873718
0.48477399349212646
0.4560381770133972
0.47209984064102173
0.43453449010849
0.3840086758136749
0.4307084083557129
0.42889851331710815
0.4456845223903656
0.43186670541763306
0.3963407576084137
0.4078834652900696
0.44311127066612244
0.4626603126525879
0.45404088497161865
0.4785744547843933
0.4688580334186554
0.4309656322002411
0.40553078055381775
0.43932127952575684
0.40191349387168884
0.4671696126461029
0.40672361850738525
0.4354345202445984
0.46476930379867554
0.5036162734031677
0.4405433237552643
0.4005647599697113
0.49129363894462585
0.4315685033798218
0.5284557342529297
0.44752687215805054
0.4663948714733124
0.5081766843795776
0.43301233649253845
0.4627590775489807
0.39639538526535034
0.3980146050453186
0.3857966959476471
0.4700842797756195
0.41948989033699036
0.4567839801311493
0.4378717243671417
0.4668692946434021
0.4633824825286865
0.5062297582626343
0.4761696755886078
0.40678662061691284
0.4021393954753876
0.42750707268714905
0.5218339562416077
0.46828746795654297
0.4257911443710327
0.380164235830307
0.4098506569862366
0.4798189401626587
0.49261489510536194
0.43258965015411377
0.4284476637840271
0.37675026059150696
0.4299020767211914
0.48085272312164307
0.4718482196331024
0.4312945008277893
0.45090892910957336
0.45016202330589294
0.39535659551620483
0.44687366485595703
0.3961174488067627
0.39427176117897034
0.399796724319458
0.4360806941986084
0.42242884635925293
0.42358115315437317
0.4829878807067871
0.4361870288848877
0.3849536180496216
0.4287395477294922
0.40634357929229736
0.3801823854446411
0.4481203854084015
0.4547518789768219
0.44064563512802124
0.4037696123123169
0.4487365782260895
0.3839382827281952
0.43869149684906006
0.4351557791233063
0.4535495340824127
0.4402206540107727
0.4394645094871521
0.44639307260513306
0.4636438190937042
0.44492006301879883
0.4195334017276764
0.4152126908302307
0.46492084860801697
0.48004549741744995
0.43995898962020874
0.5218873023986816
0.4650399386882782
0.4343135952949524
0.40041017532348633
0.46470192074775696
0.47349628806114197
0.43928685784339905
0.37797823548316956
0.4636882543563843
0.4270748794078827
0.415819376707077
0.43373775482177734
0.404898464679718
0.44049546122550964
0.4316983222961426
0.45716628432273865
0.39709022641181946
0.4305894672870636
0.43858087062835693
0.40328001976013184
0.4598682224750519
0.4266883134841919
0.4381120204925537
0.42716464400291443
0.41865697503089905
0.45800846815109253
0.41825294494628906
0.4486379325389862
0.4943992793560028
0.37205198407173157
0.41841551661491394
0.47802045941352844
0.48966383934020996
0.4783965051174164
0.40895941853523254
0.47459694743156433
0.4178052842617035
0.49406543374061584
0.3987354636192322
0.4520515501499176
0.42540740966796875
0.4421531558036804
0.43646496534347534
0.447109580039978
0.427768349647522
0.4307861924171448
0.44606947898864746
0.46058914065361023
0.4833866059780121
0.41351789236068726
0.399679958820343
0.42456677556037903
0.43145492672920227
0.44462835788726807
0.4539552927017212
0.5272284746170044
0.44851306080818176
0.4379330575466156
0.42002761363983154
0.457344651222229
0.48413217067718506
0.4811992645263672
0.4847008287906647
0.46881330013275146
0.44016197323799133
0.41904783248901367
0.42941752076148987
0.4771531820297241
0.48722583055496216
0.44177743792533875
0.46898916363716125
0.44535160064697266
0.4416167140007019
0.4195628762245178
0.40213140845298767
0.4590301513671875
0.44261956214904785
0.4460257887840271
0.4514106214046478
0.41336309909820557
0.4296190142631531
0.4693296253681183
0.4396372437477112
0.45166754722595215
0.4540904462337494
0.42195388674736023
0.4440162777900696
0.40180620551109314
0.46869945526123047
0.4999026954174042
0.4696264863014221
0.5035834312438965
0.4297361373901367
0.45950064063072205
0.41645878553390503
0.44263413548469543
0.3904784023761749
0.39163851737976074
0.38209760189056396
0.4444240629673004
0.4055056869983673
0.4536927044391632
0.3620162010192871
0.4344918131828308
0.4663548767566681
0.4737911522388458
0.40438300371170044
0.4217745363712311
0.403626948595047
0.5218315124511719
0.42876946926116943
0.4854503870010376
0.43166443705558777
0.48194754123687744
0.4054793119430542
0.44751307368278503
0.42587119340896606
0.4994865655899048
0.41874825954437256
0.4588759243488312
0.4614332914352417
0.3839873671531677
0.42631977796554565
0.4246272146701813
0.49603843688964844
0.5159469842910767
0.4433957040309906
0.4077393412590027
0.4765995740890503
0.4554544687271118
0.39751166105270386
0.43774035573005676
0.41264694929122925
0.4811082184314728
0.46187272667884827
0.4443610906600952
0.39351582527160645
0.40652284026145935
0.47124913334846497
0.46310552954673767
0.43240678310394287
0.42451977729797363
0.40593817830085754
0.43316754698753357
0.4535033702850342
0.41949883103370667
0.5070631504058838
0.4273730516433716
0.4180026054382324
0.4586229622364044
0.46184980869293213
0.4287186563014984
0.49059605598449707
0.44450926780700684
0.46641233563423157
0.4226663112640381
0.42778658866882324
0.41900286078453064
0.39089855551719666
0.4755512475967407
0.4217720329761505
0.3819006383419037
0.4572507441043854
0.462739497423172
0.46461886167526245
0.4597875475883484
0.4972783029079437
0.4637283384799957
0.4563955068588257
0.3964028060436249
0.4261515736579895
0.4211624264717102
0.4526565372943878
0.393283486366272
0.42302507162094116
0.4569202661514282
0.44345659017562866
0.4081707298755646
0.4290049374103546
0.44016632437705994
0.44120779633522034
0.47003042697906494
0.46302855014801025
0.4793257415294647
0.5266461372375488
0.4179544746875763
0.4575086832046509
0.437711626291275
0.4607272148132324
0.4727517068386078
0.4920105040073395
0.4762560725212097
0.39788007736206055
0.418978750705719
0.4189603328704834
0.39431583881378174
0.4097670018672943
0.496986985206604
0.47375911474227905
0.4089934229850769
0.551383376121521
0.4584927260875702
0.4495691657066345
0.47522032260894775
0.4279707670211792
0.4465799629688263
0.45756614208221436
0.48106440901756287
0.4038715660572052
0.4412998855113983
0.44824931025505066
0.4598057270050049
0.5230087041854858
0.4052339196205139
0.48926347494125366
0.44072142243385315
0.43714165687561035
0.5210716724395752
0.42252081632614136
0.4822424054145813
0.39767229557037354
0.41888850927352905
0.45700544118881226
0.5039234757423401
0.38624823093414307
0.4145893156528473
0.4567982256412506
0.4334959387779236
0.3940604031085968
0.5047147274017334
0.4141330122947693
0.40958473086357117
0.453478068113327
0.4209766387939453
0.47281116247177124
0.40958184003829956
0.39576178789138794
0.37731224298477173
0.45979976654052734
0.40183743834495544
0.4234970510005951
0.4228000342845917
0.4217149615287781
0.41553953289985657
0.43538451194763184
0.43952038884162903
0.4824175238609314
0.46595025062561035
0.4353404939174652
0.4466257393360138
0.45056089758872986
0.45812082290649414
0.5194215774536133
0.44220200181007385
0.4461642801761627
0.4386168420314789
0.4560728073120117
0.460379958152771
0.42164185643196106
0.39904606342315674
0.44160377979278564
0.44791775941848755
0.448403924703598
0.4248195290565491
0.4209941029548645
0.38878095149993896
0.44261035323143005
0.46185505390167236
0.4695391058921814
0.4343366324901581
0.4487379491329193
0.4452452063560486
0.5007575154304504
0.4511771500110626
0.479763001203537
0.430326908826828
0.4505541920661926
0.461300790309906
0.4816448986530304
0.4815867841243744
0.4870455265045166
0.38635459542274475
0.46715882420539856
0.43118077516555786
0.4572756886482239
0.4408722519874573
0.47580310702323914
0.4383986294269562
0.4760579764842987
0.47586679458618164
0.3632411062717438
0.48562973737716675
0.5066053867340088
0.4836176931858063
0.4355647563934326
0.4428691864013672
0.3917503356933594
0.3949810862541199
0.4240799844264984
0.48025232553482056
0.4552222192287445
0.49789026379585266
0.42029666900634766
0.4255262315273285
0.46662986278533936
0.44673752784729004
0.45236948132514954
0.39716193079948425
0.46049290895462036
0.49703624844551086
0.45707768201828003
0.4418697655200958
0.46837106347084045
0.4610435664653778
0.45677992701530457
0.42316943407058716
0.4658866822719574
0.5097622275352478
0.4616336524486542
0.4608050584793091
0.4100590646266937
0.42209377884864807
0.5014760494232178
0.4418092370033264
0.39196905493736267
0.4064931869506836
0.4669818878173828
0.4494439363479614
0.4609316885471344
0.4872325658798218
0.3814697861671448
0.4842887818813324
0.46102282404899597
0.4380209445953369
0.4752598702907562
0.42288738489151
0.4880003333091736
0.39287129044532776
0.4609305262565613
0.39487069845199585
0.4481395483016968
0.3555549681186676
0.37022170424461365
0.49147775769233704
0.4389534294605255
0.43037718534469604
0.41262200474739075
0.4319484233856201
0.38334253430366516
0.40784943103790283
0.46378615498542786
0.375303715467453
0.4565879702568054
0.5148163437843323
0.4489961266517639
0.44245007634162903
0.46703284978866577
0.41771554946899414
0.4589065909385681
0.4329579472541809
0.4340495467185974
0.4474008083343506
0.40456095337867737
0.3901313543319702
0.4350017309188843
0.46461111307144165
0.4546270966529846
0.4529946744441986
0.44134578108787537
0.5134020447731018
0.4360695481300354
0.3837648034095764
0.4759909510612488
0.47350406646728516
0.43196403980255127
0.447383314371109
0.39499571919441223
0.46203431487083435
0.4861859977245331
0.4678550660610199
0.42533591389656067
0.43736904859542847
0.4307177662849426
0.42090386152267456
0.4520273506641388
0.46517008543014526
0.4017072319984436
0.4009493589401245
0.4579099714756012
0.44767335057258606
0.4078136086463928
0.4618895351886749
0.4587166905403137
0.4639793038368225
0.4124591648578644
0.40688326954841614
0.42687204480171204
0.4751449525356293
0.4672502875328064
0.44473519921302795
0.4291224479675293
0.4335547685623169
0.4391285479068756
0.39283624291419983
0.4831254780292511
0.4108463525772095
0.3910224437713623
0.42620307207107544
0.44828036427497864
0.4466681480407715
0.4234144687652588
0.44697102904319763
0.4373345673084259
0.4495302438735962
0.467985600233078
0.44705238938331604
0.420632928609848
0.336135596036911
0.4566984474658966
0.44792717695236206
0.4541041851043701
0.4275971055030823
0.46641552448272705
0.5240065455436707
0.48794031143188477
0.4546467661857605
0.3976186513900757
0.45631375908851624
0.4444202780723572
0.4443702697753906
0.4403156340122223
0.4028340280056
0.41057854890823364
0.4064193069934845
0.43323972821235657
0.4679185152053833
0.4678468406200409
0.41836097836494446
0.43306106328964233
0.4573601484298706
0.45253270864486694
0.43535831570625305
0.5145809650421143
0.5215614438056946
0.4517486095428467
0.5018985271453857
0.45082077383995056
0.4168489873409271
0.5238521695137024
0.4177386164665222
0.483072966337204
0.4259132146835327
0.44969117641448975
0.37560799717903137
0.47286930680274963
0.4065297245979309
0.47100162506103516
0.5012262463569641
0.38690927624702454
0.4649520516395569
0.4354207515716553
0.4986133277416229
0.45264166593551636
0.3836958408355713
0.44107282161712646
0.42400240898132324
0.4236376881599426
0.4295191168785095
0.3693290948867798
0.40738993883132935
0.4495185613632202
0.42405200004577637
0.45717689394950867
0.47488588094711304
0.4419560432434082
0.46528056263923645
0.47877073287963867
0.4441482424736023
0.46427085995674133
0.46099853515625
0.4458544850349426
0.44588661193847656
0.5289584398269653
0.4328901767730713
0.46302664279937744
0.3905947506427765
0.443369060754776
0.38055020570755005
0.39376556873321533
0.38563093543052673
0.5087769031524658
0.4340709149837494
0.49602824449539185
0.45762941241264343
0.43909698724746704
0.46716994047164917
0.41072994470596313
0.44059714674949646
0.42817482352256775
0.4784339964389801
0.4501332938671112
0.5068408846855164
0.4234379529953003
0.4137308597564697
0.4526802897453308
0.38217875361442566
0.4480743110179901
0.4216509461402893
0.4149077534675598
0.4632641673088074
0.4390256106853485
0.48377010226249695
0.4495185613632202
0.48156458139419556
0.49702364206314087
0.4611806869506836
0.49283939599990845
0.4567424952983856
0.4485397934913635
0.43374884128570557
0.3983818590641022
0.4619888663291931
0.4788658022880554
0.4662943482398987
0.4780133068561554
0.4502484202384949
0.40146604180336
0.3872321844100952
0.43093550205230713
0.4299696385860443
0.42404866218566895
0.46113845705986023
0.37758100032806396
0.4599471390247345
0.4366881847381592
0.43435025215148926
0.4868375360965729
0.47017303109169006
0.41210535168647766
0.44533127546310425
0.37165147066116333
0.39879554510116577
0.4417654871940613
0.396492063999176
0.4562798738479614
0.414277046918869
0.46858978271484375
0.4527820944786072
0.4539191424846649
0.46598535776138306
0.3895999789237976
0.4468556046485901
0.42185360193252563
0.43643513321876526
0.39385664463043213
0.43335720896720886
0.4908304512500763
0.4381653666496277
0.38416987657546997
0.4140048325061798
0.45324695110321045
0.4367929697036743
0.37669870257377625
0.4659601151943207
0.41570568084716797
0.4002368152141571
0.5086784958839417
0.4687439203262329
0.414590060710907
0.4477159082889557
0.4144091010093689
0.4571877121925354
0.4161720275878906
0.45163992047309875
0.4450010657310486
0.38877812027931213
0.42833656072616577
0.44117438793182373
0.39727187156677246
0.4668106436729431
0.47930291295051575
0.3917827606201172
0.4396188259124756
0.3888740837574005
0.460388720035553
0.4109525978565216
0.4453456401824951
0.40977925062179565
0.430870920419693
0.42951449751853943
0.36614498496055603
0.3711918294429779
0.449038028717041
0.4404067397117615
0.4066144824028015
0.4410683214664459
0.41160181164741516
0.4633997976779938
0.4933786392211914
0.4693668484687805
0.37129688262939453
0.47933995723724365
0.44436556100845337
0.45127803087234497
0.43582776188850403
0.4673836827278137
0.48937633633613586
0.4208373725414276
0.45904541015625
0.4001927375793457
0.4736568331718445
0.36077985167503357
0.3917340636253357
0.4516024589538574
0.4337795376777649
0.4733789563179016
0.4402913749217987
0.41745251417160034
0.46217894554138184
0.435102254152298
0.47194746136665344
0.41832593083381653
0.43708375096321106
0.43319520354270935
0.427101731300354
0.4648602604866028
0.4552682042121887
0.47173649072647095
0.4192942678928375
0.42725664377212524
0.4707092046737671
0.40818116068840027
0.3269900381565094
0.40998464822769165
0.39909467101097107
0.48311150074005127
0.427905410528183
0.4423271715641022
0.45431947708129883
0.42545169591903687
0.4448593556880951
0.4370309114456177
0.41133490204811096
0.41857442259788513
0.45618829131126404
0.40837275981903076
0.44967395067214966
0.4054301977157593
0.4011960029602051
0.39710745215415955
0.49609285593032837
0.4563494622707367
0.47523775696754456
0.45059797167778015
0.45204389095306396
0.4094547629356384
0.4240562915802002
0.453707754611969
0.45665284991264343
0.4845852553844452
0.5002397298812866
0.4466986656188965
0.4049884080886841
0.4168022871017456
0.4868871569633484
0.39734843373298645
0.43175897002220154
0.4093073606491089
0.509519100189209
0.4687078297138214
0.43704837560653687
0.43505311012268066
0.4883108139038086
0.4866310954093933
0.4665292501449585
0.392274409532547
0.4451916217803955
0.4046233296394348
0.497213214635849
0.4133130609989166
0.4249672293663025
0.38817429542541504
0.42556309700012207
0.4059576392173767
0.46422237157821655
0.4777333736419678
0.46616607904434204
0.4410823881626129
0.40115636587142944
0.3858035206794739
0.3993324041366577
0.4302220344543457
0.4555657207965851
0.4125310778617859
0.4563845098018646
0.40569183230400085
0.39915528893470764
0.4181935489177704
0.4112187623977661
0.4362794756889343
0.47503340244293213
0.42852967977523804
0.5188192129135132
0.4176589846611023
0.41847774386405945
0.5027900338172913
0.43966394662857056
0.393108993768692
0.4632366895675659
0.43757179379463196
0.42124149203300476
0.4885832667350769
0.3883763551712036
0.4719501733779907
0.45563244819641113
0.4623624086380005
0.4564589560031891
0.41267964243888855
0.43732351064682007
0.4602836072444916
0.45028990507125854
0.46687793731689453
0.4733166992664337
0.4441027343273163
0.48178380727767944
0.44657784700393677
0.4454137682914734
0.4260369837284088
0.40736883878707886
0.4356372356414795
0.43498486280441284
0.484236478805542
0.442627876996994
0.46644461154937744
0.4671992063522339
0.47152137756347656
0.4619002044200897
0.3940390348434448
0.4697314202785492
0.4987647533416748
0.4170109033584595
0.4455622434616089
0.46840977668762207
0.45557063817977905
0.5095125436782837
0.45862191915512085
0.42816880345344543
0.4488042891025543
0.40399789810180664
0.5307349562644958
0.4849611818790436
0.39371824264526367
0.41320574283599854
0.4347885847091675
0.40680739283561707
0.4317472279071808
0.4265342652797699
0.43572503328323364
0.46112531423568726
0.45169299840927124
0.39768606424331665
0.39891648292541504
0.43453696370124817
0.43898531794548035
0.38165563344955444
0.40233924984931946
0.41534560918807983
0.41102224588394165
0.4417949914932251
0.4894324243068695
0.4790937900543213
0.42917412519454956
0.4361971318721771
0.462360680103302
0.4233790338039398
0.36813032627105713
0.4172665476799011
0.4896860122680664
0.4222540855407715
0.5290449261665344
0.42300283908843994
0.4550088047981262
0.49643009901046753
0.38894328474998474
0.44327181577682495
0.4274488389492035
0.4613690674304962
0.4799141585826874
0.5365528464317322
0.47034865617752075
0.44052034616470337
0.39592960476875305
0.421005517244339
0.43986818194389343
0.44827359914779663
0.488156795501709
0.454067200422287
0.4539481997489929
0.42925646901130676
0.49104928970336914
0.3945479094982147
0.44296973943710327
0.41237953305244446
0.40272796154022217
0.3983986973762512
0.42575064301490784
0.4519372880458832
0.43882712721824646
0.37343254685401917
0.41095584630966187
0.4236651659011841
0.42513126134872437
0.41674184799194336
0.4350726902484894
0.3757821023464203
0.4247191548347473
0.38262468576431274
0.3733445703983307
0.511290967464447
0.4325339198112488
0.443342387676239
0.4101240932941437
0.3941097855567932
0.39358410239219666
0.5085071921348572
0.43188172578811646
0.4265996515750885
0.40283626317977905
0.4679640233516693
0.4663560688495636
0.430259108543396
0.4388905167579651
0.4194386899471283
0.4369080066680908
0.46528226137161255
0.46249544620513916
0.46241188049316406
0.47718411684036255
0.4122620224952698
0.4282589852809906
0.4303879141807556
0.4620434641838074
0.41558581590652466
0.3991718292236328
0.40413784980773926
0.4288264811038971
0.4393672049045563
0.4188235402107239
0.4490467607975006
0.41961798071861267
0.47258397936820984
0.48317646980285645
0.3882974684238434
0.45966145396232605
0.41402578353881836
0.4642598032951355
0.44964125752449036
0.4487674832344055
0.46796485781669617
0.39632004499435425
0.4261348843574524
0.398908406496048
0.4567098617553711
0.4591352939605713
0.3875349164009094
0.43536341190338135
0.453103244304657
0.4114273190498352
0.41407907009124756
0.4317435622215271
0.447236567735672
0.4546963572502136
0.44145676493644714
0.42053425312042236
0.4354890286922455
0.42690572142601013
0.45755335688591003
0.46823692321777344
0.38850855827331543
0.4403875172138214
0.43406882882118225
0.42388156056404114
0.4280749261379242
0.462306410074234
0.49004948139190674
0.4923338294029236
0.44388365745544434
0.4315161108970642
0.4344358742237091
0.4672590494155884
0.4866117835044861
0.4875001013278961
0.39512085914611816
0.38091734051704407
0.4144367575645447
0.45597565174102783
0.45852893590927124
0.44207844138145447
0.4920710623264313
0.4524107575416565
0.48330581188201904
0.48412424325942993
0.4568498432636261
0.44628217816352844
0.42909181118011475
0.4904358386993408
0.45023205876350403
0.4208238124847412
0.4247035086154938
0.40881597995758057
0.40395376086235046
0.46117687225341797
0.41694995760917664
0.41602224111557007
0.45425286889076233
0.43979790806770325
0.4448966085910797
0.43989846110343933
0.39287394285202026
0.4257262051105499
0.42853236198425293
0.42985963821411133
0.3967316150665283
0.4024774432182312
0.4309605062007904
0.4075266122817993
0.4862867295742035
0.45121631026268005
0.4195297360420227
0.39469051361083984
0.4696539044380188
0.4288351833820343
0.4698992669582367
0.4004979729652405
0.4393286108970642
0.4195525348186493
0.47325560450553894
0.3985711932182312
0.451105535030365
0.4688475430011749
0.4371318817138672
0.43940478563308716
0.4663811922073364
0.4239501357078552
0.38764721155166626
0.4334426820278168
0.49144861102104187
0.4412560760974884
0.4055374264717102
0.39695215225219727
0.43334057927131653
0.40485692024230957
0.4459356963634491
0.449172705411911
0.42605331540107727
0.4141969084739685
0.4207857847213745
0.4465281665325165
0.41384533047676086
0.4827853739261627
0.48035916686058044
0.4080955386161804
0.4095330238342285
0.4231176972389221
0.46876060962677
0.4301857352256775
0.44940268993377686
0.47444862127304077
0.42199623584747314
0.4868277907371521
0.4260290265083313
0.42511504888534546
0.41639816761016846
0.46291178464889526
0.4183771014213562
0.4752236604690552
0.4419218599796295
0.4093143045902252
0.4665738344192505
0.4383676052093506
0.3883783221244812
0.48105818033218384
0.42537158727645874
0.4673864245414734
0.4352146089076996
0.4413936138153076
0.41257840394973755
0.4149568974971771
0.41063469648361206
0.43126386404037476
0.44431328773498535
0.414266973733902
0.3957037031650543
0.46922487020492554
0.4809454083442688
0.4673198163509369
0.42275774478912354
0.4489607810974121
0.4624197483062744
0.4644279181957245
0.4271024763584137
0.4458557367324829
0.44592389464378357
0.4919928312301636
0.4282928705215454
0.39667201042175293
0.454314261674881
0.4629445970058441
0.4253051280975342
0.551150381565094
0.44086727499961853
0.44172608852386475
0.43852707743644714
0.40262922644615173
0.37208569049835205
0.39469462633132935
0.4105631411075592
0.4348093271255493
0.4492653012275696
0.3728429675102234
0.4614112973213196
0.4619657099246979
0.49901479482650757
0.4511673152446747
0.38363179564476013
0.4094519019126892
0.4414226710796356
0.4647294282913208
0.458256334066391
0.4283646047115326
0.4500502049922943
0.4502232074737549
0.44746360182762146
0.43824052810668945
0.4814850389957428
0.431423544883728
0.3864706754684448
0.45553430914878845
0.46796566247940063
0.48845046758651733
0.4455701410770416
0.43879270553588867
0.4129914343357086
0.45809146761894226
0.4042322039604187
0.39794212579727173
0.48040521144866943
0.45849043130874634
0.45695072412490845
0.45514553785324097
0.4235711395740509
0.4662669599056244
0.37560808658599854
0.4493383467197418
0.4428333044052124
0.4120594561100006
0.4406716823577881
0.4508030414581299
0.4196040630340576
0.43601858615875244
0.420042484998703
0.4542545974254608
0.42940157651901245
0.4345134198665619
0.4156385064125061
0.4444940686225891
0.40865564346313477
0.40023577213287354
0.436567097902298
0.4601682126522064
0.44911953806877136
0.39741307497024536
0.45268523693084717
0.4913816452026367
0.4509645104408264
0.3900439441204071
0.4276655912399292
0.44745638966560364
0.4644913077354431
0.46841904520988464
0.4328637421131134
0.43444928526878357
0.44984105229377747
0.41087841987609863
0.44086235761642456
0.43902790546417236
0.44616270065307617
0.4777059555053711
0.4177904725074768
0.4274618327617645
0.4599821865558624
0.38640090823173523
0.42078283429145813
0.4323216378688812
0.45076680183410645
0.45252397656440735
0.4211874008178711
0.4532908499240875
0.38858094811439514
0.43618008494377136
0.43032458424568176
0.4054623246192932
0.44520682096481323
0.4125192165374756
0.4713169038295746
0.42620915174484253
0.4314683675765991
0.47102540731430054
0.4319232106208801
0.4567142426967621
0.4487802982330322
0.508026659488678
0.4739425778388977
0.49805107712745667
0.46206122636795044
0.421326607465744
0.39454150199890137
0.4352806508541107
0.4338882267475128
0.4506492018699646
0.4507044851779938
0.43297699093818665
0.4769688844680786
0.44935059547424316
0.37931203842163086
0.46831831336021423
0.5010199546813965
0.4513929486274719
0.41706639528274536
0.45868831872940063
0.4226078987121582
0.4043954014778137
0.4276158809661865
0.4405254125595093
0.4945107400417328
0.3878970146179199
0.41449037194252014
0.4439728558063507
0.4058551788330078
0.4601465165615082
0.42877551913261414
0.4318605065345764
0.44641298055648804
0.3602471351623535
0.4920666813850403
0.4798792004585266
0.45130792260169983
0.4742126166820526
0.41217073798179626
0.42193272709846497
0.41247257590293884
0.48966819047927856
0.4211401641368866
0.42233964800834656
0.43242350220680237
0.4644238352775574
0.4321709871292114
0.4062647223472595
0.40987834334373474
0.38057273626327515
0.4569043219089508
0.44167906045913696
0.39526644349098206
0.4671294391155243
0.46316012740135193
0.453988641500473
0.46664002537727356
0.46355101466178894
0.4180772304534912
0.4132497310638428
0.39362066984176636
0.4718329608440399
0.3895966708660126
0.47659921646118164
0.44246232509613037
0.434116393327713
0.4518967568874359
0.44329631328582764
0.4633428454399109
0.42330214381217957
0.43113067746162415
0.43515828251838684
0.4120294153690338
0.42234018445014954
0.44486814737319946
0.45753762125968933
0.4450913071632385
0.4750528335571289
0.4670344591140747
0.4754178822040558
0.4325825870037079
0.460766077041626
0.45040661096572876
0.4152825176715851
0.4611077606678009
0.4464046359062195
0.4626091420650482
0.43397873640060425
0.39696604013442993
0.4705670475959778
0.4166964292526245
0.4497486650943756
0.43514272570610046
0.44838500022888184
0.47754883766174316
0.45270854234695435
0.4266151487827301
0.4626227915287018
0.45052722096443176
0.45330214500427246
0.5016845464706421
0.45043814182281494
0.4788088798522949
0.4038017988204956
0.43280741572380066
0.3971076011657715
0.38511812686920166
0.422508180141449
0.46956032514572144
0.39732012152671814
0.4426508843898773
0.46409597992897034
0.47005540132522583
0.43714994192123413
0.42546525597572327
0.44707655906677246
0.42500439286231995
0.4444546699523926
0.43336230516433716
0.47906816005706787
0.41143113374710083
0.4506993591785431
0.3934551775455475
0.41178351640701294
0.4215881824493408
0.4618496298789978
0.41182607412338257
0.42318761348724365
0.4665095806121826
0.40812748670578003
0.45953378081321716
0.5187420845031738
0.3981377184391022
0.42349836230278015
0.474002867937088
0.42227667570114136
0.43848711252212524
0.4562299847602844
0.4553779065608978
0.42503249645233154
0.4229544997215271
0.4791408181190491
0.44393572211265564
0.5288602113723755
0.44305500388145447
0.5221731662750244
0.426065057516098
0.38898739218711853
0.4203394651412964
0.4620375335216522
0.5292263031005859
0.4739994406700134
0.4701530635356903
0.48662811517715454
0.38385364413261414
0.44119539856910706
0.40744397044181824
0.4105955958366394
0.47374215722084045
0.42525771260261536
0.4480070471763611
0.4479678273200989
0.4506513774394989
0.47497671842575073
0.45332878828048706
0.4277808368206024
0.4765489399433136
0.4526369571685791
0.44260552525520325
0.4697466492652893
0.3862937092781067
0.41116464138031006
0.42623430490493774
0.43621838092803955
0.40577778220176697
0.4846685528755188
0.41446220874786377
0.4592231512069702
0.4520728588104248
0.3661109209060669
0.4585576355457306
0.40987202525138855
0.4426693320274353
0.41319504380226135
0.4170145094394684
0.4240405261516571
0.4971686601638794
0.4688206911087036
0.4713188111782074
0.4764731526374817
0.4247129559516907
0.48338156938552856
0.44355127215385437
0.49861374497413635
0.48618632555007935
0.42615807056427
0.480194628238678
0.42289361357688904
0.4021049737930298
0.46288689970970154
0.4128413200378418
0.47258511185646057
0.40864837169647217
0.3996492624282837
0.3711005747318268
0.44257912039756775
0.45256856083869934
0.47200798988342285
0.3927576541900635
0.39301633834838867
0.42360806465148926
0.36310094594955444
0.4619693458080292
0.4080992341041565
0.3819262385368347
0.48054420948028564
0.46942138671875
0.42922013998031616
0.478907972574234
0.4180365204811096
0.4621571898460388
0.44321757555007935
0.45283034443855286
0.4492952227592468
0.49236708879470825
0.46561360359191895
0.4562342166900635
0.4035739600658417
0.4275383949279785
0.4520599842071533
0.40463969111442566
0.39440980553627014
0.42683887481689453
0.4146270453929901
0.43863430619239807
0.4057719111442566
0.44057366251945496
0.42449501156806946
0.40757015347480774
0.4727931022644043
0.35314613580703735
0.3924710154533386
0.4259447455406189
0.4955793619155884
0.445940762758255
0.4610293209552765
0.5421556830406189
0.42062118649482727
0.43113207817077637
0.4467606544494629
0.426603227853775
0.4773572087287903
0.41928544640541077
0.4276530146598816
0.5155006647109985
0.4587137699127197
0.4919350743293762
0.4657519459724426
0.4737167954444885
0.4095454216003418
0.4522789716720581
0.3706662058830261
0.41479063034057617
0.414978951215744
0.4114394783973694
0.43091443181037903
0.4432472884654999
0.4105130732059479
0.5221366882324219
0.41607001423835754
0.37895599007606506
0.41558775305747986
0.4726846218109131
0.3757886588573456
0.42501595616340637
0.4655267596244812
0.43627068400382996
0.4369310140609741
0.430858314037323
0.45269763469696045
0.4302930533885956
0.43240824341773987
0.3702857494354248
0.4271836578845978
0.4739288091659546
0.4576283395290375
0.4554407298564911
0.42380139231681824
0.4240166246891022
0.41264671087265015
0.44341912865638733
0.4139779508113861
0.3744441568851471
0.4344360828399658
0.4619668126106262
0.4899587333202362
0.431777685880661
0.41143539547920227
0.3923177123069763
0.3994620144367218
0.4115116000175476
0.4485791325569153
0.47298765182495117
0.4341058135032654
0.40371254086494446
0.4510928988456726
0.4156841039657593
0.42269715666770935
0.3946699798107147
0.4786415696144104
0.4415302872657776
0.4410474896430969
0.3894966244697571
0.4420812427997589
0.5063276290893555
0.40636730194091797
0.42828986048698425
0.49773523211479187
0.4501306712627411
0.38593918085098267
0.439035564661026
0.44650307297706604
0.3957276940345764
0.4707588255405426
0.4203636050224304
0.42849501967430115
0.4726683497428894
0.4249993562698364
0.47134003043174744
0.42014312744140625
0.45426231622695923
0.44519519805908203
0.4244893789291382
0.47118452191352844
0.48247361183166504
0.45607495307922363
0.41171544790267944
0.4714677631855011
0.4293876588344574
0.478899210691452
0.4676288366317749
0.46177804470062256
0.43242543935775757
0.4362514615058899
0.4419718086719513
0.4856897294521332
0.4613598585128784
0.5698947906494141
0.49019432067871094
0.4629749357700348
0.4722422957420349
0.4015108048915863
0.42593812942504883
0.3931281566619873
0.427077054977417
0.4152463674545288
0.42854756116867065
0.43364015221595764
0.3912036418914795
0.4539712071418762
0.4687955677509308
0.40238624811172485
0.46783825755119324
0.4207307696342468
0.4188920557498932
0.4316720962524414
0.4478863477706909
0.4681260883808136
0.5447148084640503
0.49378371238708496
0.4233103394508362
0.3911433219909668
0.4628375172615051
0.4387948215007782
0.3952234387397766
0.39369040727615356
0.44850489497184753
0.421085000038147
0.4371935725212097
0.4724975824356079
0.46817946434020996
0.39418068528175354
0.3977959156036377
0.4350249767303467
0.42653536796569824
0.3895951509475708
0.4731626510620117
0.48079442977905273
0.4653033912181854
0.48764294385910034
0.37660032510757446
0.42975082993507385
0.3970884680747986
0.4852396845817566
0.39805635809898376
0.4266660511493683
0.4771791100502014
0.43279147148132324
0.4819013476371765
0.42837685346603394
0.4788255989551544
0.4686278998851776
0.4221552312374115
0.4640754461288452
0.47767433524131775
0.37926021218299866
0.4286803901195526
0.4565657377243042
0.45142489671707153
0.39693760871887207
0.48246926069259644
0.4449547529220581
0.4098820090293884
0.42332300543785095
0.4106140732765198
0.43033087253570557
0.40182265639305115
0.4495115280151367
0.43524783849716187
0.41148823499679565
0.3987444043159485
0.3798544406890869
0.4262259006500244
0.4414008855819702
0.3861943483352661
0.45326781272888184
0.43596312403678894
0.4859294891357422
0.4139825999736786
0.4134758710861206
0.4612478017807007
0.46455118060112
0.421893835067749
0.44655874371528625
0.43589159846305847
0.4010332226753235
0.4608761966228485
0.4718138575553894
0.46199607849121094
0.5209951996803284
0.4485488831996918
0.41969743371009827
0.3732436001300812
0.38121700286865234
0.40983206033706665
0.44356220960617065
0.5116525888442993
0.4450915455818176
0.34920501708984375
0.4477069079875946
0.42491135001182556
0.45014581084251404
0.42919766902923584
0.43045639991760254
0.4267270565032959
0.47271496057510376
0.419147789478302
0.4951231777667999
0.42262792587280273
0.4780162274837494
0.459638386964798
0.4512496590614319
0.3803544342517853
0.41664940118789673
0.4343494772911072
0.4426855742931366
0.4315657615661621
0.4122164249420166
0.48142683506011963
0.4892096221446991
0.4142623841762543
0.3734598159790039
0.41840124130249023
0.43389421701431274
0.5047041177749634
0.43984904885292053
0.40085798501968384
0.43484601378440857
0.4069681465625763
0.4367672801017761
0.432999849319458
0.44662871956825256
0.4736692011356354
0.46325960755348206
0.3779911398887634
0.417171835899353
0.4507649540901184
0.5058206915855408
0.44447097182273865
0.45612260699272156
0.40680044889450073
0.477382093667984
0.4729844331741333
0.45351749658584595
0.44636017084121704
0.401359498500824
0.4667815566062927
0.44140884280204773
0.44309377670288086
0.40887463092803955
0.4019889533519745
0.3705732524394989
0.39170098304748535
0.4856162965297699
0.4320477843284607
0.4185017943382263
0.4020848870277405
0.44285884499549866
0.38086244463920593
0.3463212549686432
0.48453518748283386
0.4066884219646454
0.4438946843147278
0.4724940359592438
0.430046021938324
0.4043152332305908
0.5021105408668518
0.4374731481075287
0.4083436131477356
0.39707568287849426
0.4110405147075653
0.41429704427719116
0.47824203968048096
0.38893836736679077
0.4054010808467865
0.49153754115104675
0.4732136130332947
0.42166411876678467
0.426647424697876
0.4450618624687195
0.4574521780014038
0.4638781249523163
0.48476335406303406
0.4815991520881653
0.41309231519699097
0.507056474685669
0.41775670647621155
0.4032438099384308
0.4583071768283844
0.43267756700515747
0.427791029214859
0.4342070519924164
0.5068262815475464
0.44603580236434937
0.4823054075241089
0.5273696184158325
0.44294291734695435
0.43170908093452454
0.38471004366874695
0.46089932322502136
0.4992198348045349
0.368621289730072
0.41085442900657654
0.4158952236175537
0.475664347410202
0.44160738587379456
0.4841513931751251
0.47394245862960815
0.48842960596084595
0.435161828994751
0.5043972730636597
0.4221336543560028
0.4634275734424591
0.43551018834114075
0.42323097586631775
0.40321364998817444
0.3757786750793457
0.44246211647987366
0.3741377890110016
0.4535399079322815
0.4811772406101227
0.3637351393699646
0.4420628249645233
0.43675467371940613
0.5184813737869263
0.48247814178466797
0.4356382489204407
0.44094693660736084
0.4075867235660553
0.3813204765319824
0.4136698246002197
0.43425020575523376
0.44821232557296753
0.44535398483276367
0.47040948271751404
0.39856624603271484
0.480435311794281
0.38259732723236084
0.4565235674381256
0.40542230010032654
0.4668058156967163
0.41268643736839294
0.42683249711990356
0.41105496883392334
0.43105220794677734
0.47776490449905396
0.5228430032730103
0.44706645607948303
0.419253408908844
0.4437767267227173
0.3784199357032776
0.41941726207733154
0.46319350600242615
0.3968076705932617
0.43590930104255676
0.43985846638679504
0.4085201621055603
0.45181408524513245
0.34542137384414673
0.43081292510032654
0.48819059133529663
0.4297580420970917
0.4533345699310303
0.40591511130332947
0.3822011649608612
0.44141265749931335
0.4474235773086548
0.4208085834980011
0.4190247058868408
0.4403804540634155
0.41248494386672974
0.5289908647537231
0.43492281436920166
0.3877097964286804
0.4657898545265198
0.522536039352417
0.4515417218208313
0.4527888000011444
0.48628106713294983
0.42320436239242554
0.4123757481575012
0.36730867624282837
0.3891429603099823
0.4785727858543396
0.41277188062667847
0.41254085302352905
0.432309091091156
0.42319926619529724
0.46147775650024414
0.4411923587322235
0.4396187365055084
0.41211801767349243
0.4130166471004486
0.39459866285324097
0.4607664942741394
0.5075302124023438
0.4306600093841553
0.4651142358779907
0.4124283492565155
0.43856140971183777
0.4834687411785126
0.3981482982635498
0.40849876403808594
0.45569875836372375
0.47826194763183594
0.4519222378730774
0.4632643461227417
0.44887492060661316
0.43891140818595886
0.4470124840736389
0.448892205953598
0.4609476923942566
0.42999884486198425
0.502039909362793
0.461904376745224
0.4649316072463989
0.4245260953903198
0.45020151138305664
0.4204835295677185
0.40876737236976624
0.44936588406562805
0.45941174030303955
0.40917715430259705
0.4205954372882843
0.5139932036399841
0.43243318796157837
0.43945804238319397
0.39565572142601013
0.4618006646633148
0.440029501914978
0.4262426495552063
0.3704651892185211
0.45788663625717163
0.41109225153923035
0.42237696051597595
0.43850305676460266
0.39513587951660156
0.47150537371635437
0.44239386916160583
0.4464215338230133
0.45945316553115845
0.451947957277298
0.40658631920814514
0.45065927505493164
0.44194909930229187
0.40225011110305786
0.42127007246017456
0.4439932405948639
0.4350016713142395
0.40739360451698303
0.46771591901779175
0.441520094871521
0.4111151397228241
0.3861240744590759
0.47522199153900146
0.44337573647499084
0.45652639865875244
0.4284715950489044
0.423517107963562
0.43807703256607056
0.4670398533344269
0.4699440598487854
0.46446946263313293
0.4663923978805542
0.5149290561676025
0.4117721915245056
0.412827730178833
0.47509145736694336
0.4127182960510254
0.4601418972015381
0.438056617975235
0.47544801235198975
0.4413290321826935
0.4697292745113373
0.4624132215976715
0.38815954327583313
0.47820156812667847
0.43087679147720337
0.4182109832763672
0.4280809462070465
0.393088161945343
0.3930274248123169
0.4958644509315491
0.474866658449173
0.4309195876121521
0.42323026061058044
0.4144567549228668
0.4145801365375519
0.4831867516040802
0.4189143776893616
0.49154743552207947
0.4111063480377197
0.4513418972492218
0.4276302456855774
0.449873149394989
0.43026331067085266
0.39778727293014526
0.486747682094574
0.5122302174568176
0.4441801905632019
0.42697420716285706
0.41737720370292664
0.44851693511009216
0.47386184334754944
0.41561999917030334
0.45020592212677
0.4226069152355194
0.4902544319629669
0.4128924310207367
0.4662541151046753
0.47594529390335083
0.4435661733150482
0.49704331159591675
0.4115503430366516
0.5072597861289978
0.4216601252555847
0.485789030790329
0.47356367111206055
0.48150888085365295
0.4053553342819214
0.4432829022407532
0.46392035484313965
0.48639363050460815
0.43804478645324707
0.46547678112983704
0.4078812599182129
0.49942469596862793
0.48186689615249634
0.4322529733181
0.4381754696369171
0.48778748512268066
0.4495963454246521
0.41693052649497986
0.42746996879577637
0.429904043674469
0.47924819588661194
0.4205656349658966
0.42816588282585144
0.4535926580429077
0.4724902808666229
0.4686773419380188
0.4083879590034485
0.4671614468097687
0.45305973291397095
0.4463282823562622
0.4689922332763672
0.47367435693740845
0.41125917434692383
0.42469847202301025
0.43340861797332764
0.5328657627105713
0.4404398202896118
0.4642316401004791
0.4228300452232361
0.47548896074295044
0.3694905936717987
0.4369927942752838
0.45168063044548035
0.46587345004081726
0.462405800819397
0.42964205145835876
0.3892848789691925
0.47851884365081787
0.4510980248451233
0.4430984556674957
0.4412152171134949
0.4681347608566284
0.42950475215911865
0.5034816861152649
0.4743557572364807
0.39496541023254395
0.448123574256897
0.41714411973953247
0.42832690477371216
0.44384315609931946
0.4343307614326477
0.4652065634727478
0.3811708986759186
0.557710587978363
0.4288010001182556
0.45471155643463135
0.45398959517478943
0.49887698888778687
0.41685619950294495
0.488706111907959
0.5230488777160645
0.4175213873386383
0.40123647451400757
0.49686381220817566
0.43993544578552246
0.4010637700557709
0.48910748958587646
0.45639294385910034
0.4327268898487091
0.4182801842689514
0.3820369839668274
0.4650118052959442
0.4607776701450348
0.4594994783401489
0.4155444800853729
0.43331822752952576
0.4377763867378235
0.4259607791900635
0.4139847457408905
0.43410706520080566
0.49232614040374756
0.4149750769138336
0.4242210388183594
0.4606133699417114
0.4357234835624695
0.36618363857269287
0.3992909789085388
0.42829203605651855
0.5138208270072937
0.43986058235168457
0.41819849610328674
0.4225660562515259
0.5058377385139465
0.4684559404850006
0.4211394190788269
0.45314040780067444
0.41221317648887634
0.46030372381210327
0.5102107524871826
0.43759509921073914
0.4104185998439789
0.47999435663223267
0.4006921947002411
0.3950354754924774
0.4703718423843384
0.37594422698020935
0.46646493673324585
0.42109185457229614
0.4358917474746704
0.4612307548522949
0.44811341166496277
0.4723247289657593
0.42147284746170044
0.3722304105758667
0.47379741072654724
0.4584508240222931
0.4851580262184143
0.4865380525588989
0.42230820655822754
0.47053807973861694
0.44982725381851196
0.4218735694885254
0.46999502182006836
0.3914380669593811
0.40007275342941284
0.4748113751411438
0.4504724144935608
0.46493643522262573
0.3947179317474365
0.4169847071170807
0.45544666051864624
0.3942450284957886
0.4498158097267151
0.4676801562309265
0.43632927536964417
0.4439988434314728
0.46240532398223877
0.45740190148353577
0.45013684034347534
0.42737725377082825
0.3862221837043762
0.4302453100681305
0.4128831624984741
0.512509822845459
0.41810375452041626
0.43476733565330505
0.4333432614803314
0.47874605655670166
0.4999460279941559
0.40542587637901306
0.44428911805152893
0.45087721943855286
0.4765295088291168
0.4078759253025055
0.4150271415710449
0.41124629974365234
0.4727923572063446
0.5141417384147644
0.4508993625640869
0.5002726912498474
0.47324615716934204
0.4149523377418518
0.451420396566391
0.3983979821205139
0.4638809263706207
0.4315098226070404
0.4440554082393646
0.4719797372817993
0.48043325543403625
0.42500391602516174
0.41357430815696716
0.45005419850349426
0.45951661467552185
0.42641645669937134
0.4788336455821991
0.4802781343460083
0.42624005675315857
0.38830703496932983
0.45217153429985046
0.3844490647315979
0.4760706126689911
0.4078585207462311
0.5062500238418579
0.4862748682498932
0.4222935140132904
0.459259033203125
0.48916125297546387
0.38847625255584717
0.39916476607322693
0.47763746976852417
0.42648589611053467
0.4395732581615448
0.40340209007263184
0.4654744863510132
0.4743518531322479
0.44770699739456177
0.4305618405342102
0.48698174953460693
0.4339372515678406
0.4267869293689728
0.45271041989326477
0.42367905378341675
0.4829901158809662
0.46686699986457825
0.4755018651485443
0.4327191114425659
0.42997848987579346
0.4201895594596863
0.5161803960800171
0.4393414855003357
0.42897361516952515
0.41072097420692444
0.4681258797645569
0.4350401759147644
0.45755118131637573
0.4425983726978302
0.4962690770626068
0.41855311393737793
0.46546176075935364
0.41035208106040955
0.4620676338672638
0.46898236870765686
0.40730124711990356
0.42471301555633545
0.4858202338218689
0.4433973729610443
0.45131349563598633
0.4926917552947998
0.4407806396484375
0.4589167535305023
0.43362101912498474
0.39932727813720703
0.42114192247390747
0.40123456716537476
0.48953670263290405
0.41265058517456055
0.43122395873069763
0.4382568299770355
0.4203222393989563
0.48397374153137207
0.451754629611969
0.42288443446159363
0.49084699153900146
0.4056529998779297
0.4419894814491272
0.41744372248649597
0.4706808030605316
0.5081326365470886
0.4710240960121155
0.413472056388855
0.4422075152397156
0.4886470437049866
0.3991529941558838
0.3885512351989746
0.46413683891296387
0.4280291795730591
0.4493709206581116
0.44909927248954773
0.43125101923942566
0.4798418879508972
0.486169695854187
0.41075217723846436
0.4741274416446686
0.4393724501132965
0.39082834124565125
0.4238516092300415
0.4841970205307007
0.43851912021636963
0.423412024974823
0.4014328122138977
0.4469163715839386
0.3957550823688507
0.48592379689216614
0.46629250049591064
0.3979266285896301
0.45982927083969116
0.4810389280319214
0.42555326223373413
0.39402884244918823
0.3999755084514618
0.437320739030838
0.40127652883529663
0.44370612502098083
0.448858380317688
0.45866715908050537
0.45743632316589355
0.46336227655410767
0.4007290303707123
0.4689244031906128
0.46276742219924927
0.47134634852409363
0.46312791109085083
0.37920790910720825
0.41446802020072937
0.42338183522224426
0.48150837421417236
0.4194009602069855
0.48539161682128906
0.4596330523490906
0.4000135064125061
0.4638257324695587
0.4915953576564789
0.48728951811790466
0.47151046991348267
0.4004323184490204
0.41886016726493835
0.399845153093338
0.41481563448905945
0.4734400510787964
0.39048513770103455
0.4158666729927063
0.4287412762641907
0.4092717468738556
0.44464755058288574
0.5359517931938171
0.42521703243255615
0.42757782340049744
0.46942853927612305
0.5119959115982056
0.39540138840675354
0.4045040011405945
0.46035903692245483
0.43398869037628174
0.45741087198257446
0.4521313011646271
0.4526698887348175
0.49339795112609863
0.4104759693145752
0.4038088023662567
0.509547233581543
0.4503597319126129
0.5082836151123047
0.47740471363067627
0.42454999685287476
0.4619520902633667
0.4223375916481018
0.4145502746105194
0.4532759189605713
0.46984365582466125
0.4056912064552307
0.4611963629722595
0.4621502161026001
0.4549350142478943
0.4079596996307373
0.43596726655960083
0.4082837998867035
0.45124849677085876
0.45756426453590393
0.43804821372032166
0.4503888487815857
0.4187602996826172
0.4306821823120117
0.43246129155158997
0.4351808428764343
0.42069071531295776
0.5040521621704102
0.45032328367233276
0.40850427746772766
0.42842134833335876
0.427914559841156
0.520496129989624
0.4361896216869354
0.381242960691452
0.4418983459472656
0.4416049122810364
0.49669787287712097
0.41343286633491516
0.495269238948822
0.43753600120544434
0.42255836725234985
0.41191256046295166
0.41543757915496826
0.41920018196105957
0.38039305806159973
0.3821988105773926
0.4008820950984955
0.4890357255935669
0.36086487770080566
0.486392080783844
0.4393008351325989
0.43738120794296265
0.4646017253398895
0.417861670255661
0.43725699186325073
0.37928450107574463
0.4857788681983948
0.4139055907726288
0.5158176422119141
0.46746373176574707
0.4619327187538147
0.43435776233673096
0.4739082157611847
0.48503077030181885
0.39656364917755127
0.38794854283332825
0.4267033338546753
0.4517192542552948
0.4559365510940552
0.4349851906299591
0.480385422706604
0.49670323729515076
0.3996962606906891
0.4197184443473816
0.47829216718673706
0.433374285697937
0.506476640701294
0.4375152587890625
0.37031322717666626
0.41913631558418274
0.46739035844802856
0.43452194333076477
0.4196222722530365
0.4362167716026306
0.47165387868881226
0.4162883758544922
0.4813324213027954
0.3765069842338562
0.46077990531921387
0.42703863978385925
0.38307294249534607
0.49177107214927673
0.40851059556007385
0.4454984962940216
0.4714013338088989
0.41192927956581116
0.46718892455101013
0.42611223459243774
0.47212332487106323
0.44681617617607117
0.5134545564651489
0.44008082151412964
0.4871518015861511
0.4537796974182129
0.4796193242073059
0.45280927419662476
0.44213297963142395
0.4676057696342468
0.4387360215187073
0.42217230796813965
0.44002634286880493
0.4387061595916748
0.46181946992874146
0.3792403042316437
0.3804471790790558
0.4847075343132019
0.4221908748149872
0.4489271640777588
0.4285830557346344
0.44672825932502747
0.4299337863922119
0.4039071500301361
0.40948373079299927
0.4897664189338684
0.4640536606311798
0.3671287000179291
0.4473242163658142
0.4270431697368622
0.44402024149894714
0.4683491587638855
0.35433652997016907
0.42105504870414734
0.4556272625923157
0.479496568441391
0.5029768943786621
0.37395381927490234
0.4906541705131531
0.44959259033203125
0.45180022716522217
0.48938804864883423
0.4434913992881775
0.4993322491645813
0.4190327525138855
0.4394287168979645
0.44020387530326843
0.39094802737236023
0.4882989227771759
0.42574846744537354
0.424079954624176
0.46065980195999146
0.4604145884513855
0.4651484787464142
0.3882390856742859
0.47813186049461365
0.30528146028518677
0.43554985523223877
0.4200059771537781
0.4596598148345947
0.4564075469970703
0.44307661056518555
0.45398610830307007
0.4522208869457245
0.42004677653312683
0.4093521237373352
0.42915260791778564
0.4296209216117859
0.4524099826812744
0.38620102405548096
0.4039284586906433
0.4404239058494568
0.4489458501338959
0.48327022790908813
0.38155674934387207
0.4845966398715973
0.4321342408657074
0.4202415943145752
0.3955482244491577
0.49966055154800415
0.4078214764595032
0.42026057839393616
0.42184412479400635
0.40731725096702576
0.4547332525253296
0.46485137939453125
0.43897080421447754
0.4590623080730438
0.40930622816085815
0.5022727251052856
0.42241692543029785
0.49806225299835205
0.3951350450515747
0.41751596331596375
0.425522118806839
0.43578654527664185
0.41677388548851013
0.4259858727455139
0.3753029704093933
0.44250398874282837
0.40364155173301697
0.41926953196525574
0.4522663354873657
0.41779962182044983
0.43189534544944763
0.41997087001800537
0.4452091157436371
0.44174355268478394
0.41362497210502625
0.45174968242645264
0.4129645526409149
0.4550659954547882
0.4878149628639221
0.40720146894454956
0.43827998638153076
0.39157944917678833
0.4103207588195801
0.47516942024230957
0.42850378155708313
0.4617044925689697
0.43934595584869385
0.45679277181625366
0.4420972168445587
0.41764557361602783
0.41426217555999756
0.5200998783111572
0.4235791862010956
0.4264284372329712
0.4773956537246704
0.4494796693325043
0.4776173532009125
0.41905146837234497
0.43624642491340637
0.4497905373573303
0.4676896333694458
0.44495028257369995
0.4675861895084381
0.4280652403831482
0.46226081252098083
0.4161246418952942
0.07158844918012619
0.395753413438797
0.4101996421813965
0.47187042236328125
0.48654651641845703
0.4460528492927551
0.4472733736038208
0.4594138264656067
0.4588097333908081
0.5043512582778931
0.42587223649024963
0.41797739267349243
0.49970543384552
0.48092544078826904
0.4063827693462372
0.40650543570518494
0.43628084659576416
0.4446882903575897
0.4325996935367584
0.43650805950164795
0.42248931527137756
0.440310537815094
0.45713549852371216
0.43638521432876587
0.4032672047615051
0.4344557821750641
0.452668160200119
0.4494849145412445
0.47651365399360657
0.4579886794090271
0.44185778498649597
0.46698519587516785
0.39399683475494385
0.41926833987236023
0.4712086617946625
0.4063299000263214
0.4271438717842102
0.4716916084289551
0.44278913736343384
0.4092566967010498
0.46706274151802063
0.46291252970695496
0.42075231671333313
0.423785001039505
0.46341681480407715
0.47647905349731445
0.41894030570983887
0.4639606773853302
0.41555047035217285
0.40735357999801636
0.39231255650520325
0.4721260964870453
0.43122321367263794
0.4479248523712158
0.4331658184528351
0.4438416361808777
0.39780616760253906
0.4816043972969055
0.4399893879890442
0.49314773082733154
0.4346802234649658
0.5352644920349121
0.445594847202301
0.4965798258781433
0.4466794431209564
0.4759370684623718
0.4836428463459015
0.4400990605354309
0.390593022108078
0.4407667815685272
0.423958957195282
0.4505118131637573
0.41392120718955994
0.42195388674736023
0.4111959934234619
0.48225870728492737
0.4266960620880127
0.42407873272895813
0.4353412389755249
0.452955424785614
0.46434706449508667
0.4301435947418213
0.42359912395477295
0.41504496335983276
0.3810972273349762
0.3889444172382355
0.4252820611000061
0.4022252559661865
0.42628130316734314
0.4627254009246826
0.48135682940483093
0.44778677821159363
0.4193529188632965
0.4460854232311249
0.51444011926651
0.4641211926937103
0.4338059425354004
0.3930388391017914
0.4115239679813385
0.499227911233902
0.4168262779712677
0.3897879719734192
0.39645320177078247
0.45335647463798523
0.42611682415008545
0.4769469201564789
0.4505884051322937
0.4731903374195099
0.4283030033111572
0.47367557883262634
0.42795607447624207
0.4197036325931549
0.45459017157554626
0.4821460545063019
0.47874847054481506
0.4943413734436035
0.45032501220703125
0.44733676314353943
0.44184815883636475
0.42254191637039185
0.4168533980846405
0.4924134612083435
0.4900299906730652
0.39227426052093506
0.44064804911613464
0.37174320220947266
0.42509523034095764
0.43799757957458496
0.45918890833854675
0.46189188957214355
0.45426812767982483
0.5012608766555786
0.42710021138191223
0.436960905790329
0.40933313965797424
0.4191116988658905
0.458991140127182
0.4323834478855133
0.4556669592857361
0.38682007789611816
0.47604086995124817
0.44003549218177795
0.40905308723449707
0.3945746421813965
0.45040518045425415
0.4566495418548584
0.44754576683044434
0.4864621162414551
0.43828582763671875
0.45015060901641846
0.43555957078933716
0.4162825644016266
0.44515812397003174
0.40195319056510925
0.40938234329223633
0.4204798936843872
0.4802597761154175
0.46729305386543274
0.41553565859794617
0.39806193113327026
0.4855009913444519
0.526239812374115
0.3736742436885834
0.4136108160018921
0.44426774978637695
0.449310839176178
0.47565528750419617
0.45630520582199097
0.4264073669910431
0.4015980064868927
0.47979408502578735
0.4326722323894501
0.41426265239715576
0.44160351157188416
0.42638635635375977
0.48370975255966187
0.4371497631072998
0.4471926987171173
0.4656243324279785
0.4361083209514618
0.4351631700992584
0.44153183698654175
0.4286346435546875
0.4213760495185852
0.3851560354232788
0.3996630311012268
0.4491370916366577
0.3881795108318329
0.40939605236053467
0.4217533767223358
0.46619361639022827
0.4141552746295929
0.4566786587238312
0.44097474217414856
0.40227508544921875
0.4480935037136078
0.3947937488555908
0.464179128408432
0.425494521856308
0.406499981880188
0.41885673999786377
0.4433266520500183
0.3924124538898468
0.5080543160438538
0.47045639157295227
0.43010449409484863
0.42654848098754883
0.3826630413532257
0.5004436373710632
0.4580856263637543
0.44433289766311646
0.38549408316612244
0.43645936250686646
0.40612325072288513
0.402016818523407
0.448590487241745
0.4256129562854767
0.48070240020751953
0.48035234212875366
0.4535384476184845
0.4350910186767578
0.4536702334880829
0.4261159300804138
0.4765270948410034
0.4880084693431854
0.45400452613830566
0.41550591588020325
0.49648720026016235
0.45609748363494873
0.4613434374332428
0.4560711085796356
0.42801904678344727
0.4235912561416626
0.48385539650917053
0.4070274829864502
0.4765704870223999
0.468720018863678
0.5172522664070129
0.4111650586128235
0.5333920121192932
0.44073808193206787
0.4434872567653656
0.4592273235321045
0.4068417549133301
0.44560736417770386
0.42161116003990173
0.43338650465011597
0.48835983872413635
0.4000326991081238
0.436273992061615
0.37767526507377625
0.439578652381897
0.4437851905822754
0.45440566539764404
0.4369812607765198
0.4725290536880493
0.4422651529312134
0.46866288781166077
0.4338389039039612
0.4906076192855835
0.474976509809494
0.40260058641433716
0.45504671335220337
0.3874436616897583
0.4076933264732361
0.42600521445274353
0.4879409670829773
0.4169149398803711
0.444246768951416
0.4121081829071045
0.4477396607398987
0.39849960803985596
0.4264087677001953
0.452440470457077
0.45120418071746826
0.49095040559768677
0.4538609981536865
0.4207441806793213
0.42696473002433777
0.3895587623119354
0.4756503105163574
0.44465920329093933
0.40446287393569946
0.4119269847869873
0.4542698860168457
0.4492208659648895
0.44422221183776855
0.4594747722148895
0.46979761123657227
0.4837559461593628
0.37678372859954834
